0	0.0000	0.0000	0.0012
1	0.0698	0.0524	0.0518
2	0.1396	0.1048	0.1048
3	0.2094	0.1573	0.1579
4	0.2792	0.2097	0.2085
5	0.3490	0.2622	0.2628
6	0.4188	0.3146	0.3146
7	0.4885	0.3671	0.3665
8	0.5582	0.4196	0.4207
9	0.6279	0.4720	0.4714
10	0.6976	0.5245	0.5246
11	0.7672	0.5770	0.5776
12	0.8368	0.6295	0.6283
13	0.9063	0.6820	0.6826
14	0.9758	0.7345	0.7344
15	1.0453	0.7869	0.7864
16	1.1147	0.8394	0.8405
17	1.1840	0.8919	0.8912
18	1.2533	0.9443	0.9444
19	1.3226	0.9968	0.9972
20	1.3917	1.0492	1.0481
21	1.4608	1.1016	1.1023
22	1.5299	1.1540	1.1538
23	1.5988	1.2064	1.2059
24	1.6677	1.2587	1.2598
25	1.7365	1.3111	1.3103
26	1.8052	1.3634	1.3636
27	1.8738	1.4157	1.4161
28	1.9423	1.4680	1.4670
29	2.0108	1.5203	1.5211
30	2.0791	1.5725	1.5722
31	2.1474	1.6247	1.6244
32	2.2155	1.6768	1.6777
33	2.2835	1.7290	1.7280
34	2.3514	1.7811	1.7814
35	2.4192	1.8331	1.8334
36	2.4869	1.8852	1.8844
37	2.5545	1.9372	1.9382
38	2.6219	1.9891	1.9887
39	2.6892	2.0410	2.0409
40	2.7564	2.0929	2.0936
41	2.8234	2.1448	2.1436
42	2.8903	2.1965	2.1971
43	2.9571	2.2483	2.2483
44	3.0237	2.3000	2.2993
45	3.0902	2.3516	2.3528
46	3.1565	2.4032	2.4026
47	3.2227	2.4547	2.4548
48	3.2887	2.5062	2.5067
49	3.3545	2.5576	2.5566
50	3.4202	2.6090	2.6098
51	3.4857	2.6603	2.6601
52	3.5511	2.7116	2.7112
53	3.6162	2.7628	2.7637
54	3.6812	2.8139	2.8130
55	3.7461	2.8649	2.8652
56	3.8107	2.9159	2.9162
57	3.8752	2.9669	2.9660
58	3.9394	3.0177	3.0187
59	4.0035	3.0685	3.0681
60	4.0674	3.1192	3.1191
61	4.1310	3.1699	3.1706
62	4.1945	3.2204	3.2193
63	4.2578	3.2709	3.2715
64	4.3209	3.3213	3.3213
65	4.3837	3.3717	3.3711
66	4.4463	3.4219	3.4231
67	4.5088	3.4721	3.4714
68	4.5710	3.5221	3.5223
69	4.6330	3.5721	3.5726
70	4.6947	3.6221	3.6211
71	4.7562	3.6719	3.6727
72	4.8175	3.7216	3.7213
73	4.8786	3.7712	3.7709
74	4.9394	3.8208	3.8216
75	5.0000	3.8702	3.8692
76	5.0603	3.9196	3.9200
77	5.1204	3.9688	3.9689
78	5.1803	4.0180	4.0173
79	5.2399	4.0670	4.0682
80	5.2992	4.1159	4.1153
81	5.3583	4.1648	4.1649
82	5.4171	4.2135	4.2140
83	5.4756	4.2622	4.2611
84	5.5339	4.3107	4.3115
85	5.5919	4.3591	4.3588
86	5.6497	4.4074	4.4071
87	5.7071	4.4556	4.4564
88	5.7643	4.5036	4.5026
89	5.8212	4.5516	4.5520
90	5.8778	4.5994	4.5995
91	5.9342	4.6471	4.6465
92	5.9902	4.6948	4.6960
93	6.0460	4.7422	4.7415
94	6.1014	4.7895	4.7897
95	6.1566	4.8368	4.8372
96	6.2115	4.8839	4.8829
97	6.2660	4.9308	4.9317
98	6.3203	4.9777	4.9774
99	6.3742	5.0244	5.0241
100	6.4279	5.0710	5.0717
101	6.4812	5.1174	5.1163
102	6.5342	5.1637	5.1642
103	6.5869	5.2099	5.2099
104	6.6393	5.2559	5.2553
105	6.6913	5.3018	5.3029
106	6.7430	5.3475	5.3468
107	6.7944	5.3931	5.3933
108	6.8455	5.4386	5.4389
109	6.8962	5.4839	5.4830
110	6.9466	5.5291	5.5301
111	6.9966	5.5741	5.5736
112	7.0463	5.6189	5.6189
113	7.0957	5.6637	5.6643
114	7.1447	5.7082	5.7071
115	7.1934	5.7526	5.7533
116	7.2417	5.7969	5.7967
117	7.2897	5.8410	5.8406
118	7.3373	5.8849	5.8858
119	7.3845	5.9287	5.9277
120	7.4314	5.9723	5.9727
121	7.4780	6.0157	6.0158
122	7.5241	6.0590	6.0584
123	7.5699	6.1021	6.1033
124	7.6154	6.1451	6.1444
125	7.6604	6.1878	6.1880
126	7.7051	6.2304	6.2308
127	7.7494	6.2729	6.2720
128	7.7934	6.3151	6.3161
129	7.8369	6.3572	6.3568
130	7.8801	6.3991	6.3990
131	7.9229	6.4409	6.4415
132	7.9653	6.4824	6.4813
133	8.0073	6.5238	6.5245
134	8.0489	6.5650	6.5648
135	8.0902	6.6060	6.6056
136	8.1310	6.6468	6.6477
137	8.1714	6.6875	6.6864
138	8.2115	6.7279	6.7284
139	8.2511	6.7681	6.7682
140	8.2904	6.8082	6.8077
141	8.3292	6.8481	6.8492
142	8.3676	6.8878	6.8870
143	8.4057	6.9273	6.9275
144	8.4433	6.9666	6.9668
145	8.4805	7.0057	7.0049
146	8.5173	7.0446	7.0457
147	8.5536	7.0833	7.0827
148	8.5896	7.1218	7.1218
149	8.6251	7.1601	7.1605
150	8.6602	7.1982	7.1972
151	8.6949	7.2361	7.2370
152	8.7292	7.2737	7.2733
153	8.7631	7.3112	7.3111
154	8.7965	7.3485	7.3491
155	8.8295	7.3856	7.3844
156	8.8620	7.4224	7.4231
157	8.8942	7.4590	7.4588
158	8.9259	7.4954	7.4951
159	8.9571	7.5316	7.5324
160	8.9879	7.5676	7.5665
161	9.0183	7.6034	7.6039
162	9.0483	7.6389	7.6389
163	9.0778	7.6742	7.6738
164	9.1068	7.7094	7.7103
165	9.1355	7.7443	7.7433
166	9.1636	7.7789	7.7793
167	9.1913	7.8133	7.8134
168	9.2186	7.8475	7.8469
169	9.2455	7.8815	7.8827
170	9.2718	7.9153	7.9145
171	9.2978	7.9488	7.9490
172	9.3232	7.9821	7.9823
173	9.3483	8.0151	8.0144
174	9.3728	8.0480	8.0491
175	9.3969	8.0805	8.0799
176	9.4206	8.1129	8.1130
177	9.4438	8.1450	8.1454
178	9.4665	8.1769	8.1760
179	9.4888	8.2085	8.2096
180	9.5106	8.2399	8.2394
181	9.5319	8.2710	8.2710
182	9.5528	8.3019	8.3024
183	9.5732	8.3326	8.3316
184	9.5931	8.3630	8.3640
185	9.6126	8.3932	8.3928
186	9.6316	8.4231	8.4230
187	9.6502	8.4528	8.4534
188	9.6682	8.4822	8.4811
189	9.6858	8.5114	8.5122
190	9.7030	8.5403	8.5400
191	9.7196	8.5689	8.5688
192	9.7358	8.5974	8.5980
193	9.7515	8.6256	8.6244
194	9.7667	8.6534	8.6542
195	9.7815	8.6810	8.6808
196	9.7957	8.7084	8.7082
197	9.8095	8.7356	8.7363
198	9.8229	8.7624	8.7613
199	9.8357	8.7890	8.7897
200	9.8481	8.8153	8.8152
201	9.8600	8.8414	8.8411
202	9.8714	8.8672	8.8680
203	9.8823	8.8928	8.8917
204	9.8927	8.9180	8.9186
205	9.9027	8.9430	8.9429
206	9.9122	8.9677	8.9674
207	9.9211	8.9922	8.9931
208	9.9297	9.0164	9.0154
209	9.9377	9.0403	9.0409
210	9.9452	9.0639	9.0639
211	9.9523	9.0873	9.0869
212	9.9588	9.1104	9.1113
213	9.9649	9.1333	9.1322
214	9.9705	9.1558	9.1563
215	9.9756	9.1780	9.1780
216	9.9803	9.2000	9.1996
217	9.9844	9.2218	9.2227
218	9.9881	9.2432	9.2422
219	9.9912	9.2643	9.2648
220	9.9939	9.2851	9.2851
221	9.9961	9.3057	9.3053
222	9.9978	9.3261	9.3270
223	9.9990	9.3461	9.3451
224	9.9998	9.3658	9.3663
225	10.0000	9.3852	9.3851
226	9.9998	9.4043	9.4039
227	9.9990	9.4232	9.4241
228	9.9978	9.4418	9.4408
229	9.9961	9.4600	9.4606
230	9.9939	9.4780	9.4780
231	9.9912	9.4957	9.4953
232	9.9881	9.5131	9.5141
233	9.9844	9.5303	9.5292
234	9.9803	9.5470	9.5476
235	9.9756	9.5636	9.5635
236	9.9705	9.5798	9.5794
237	9.9649	9.5957	9.5966
238	9.9588	9.6114	9.6103
239	9.9523	9.6267	9.6273
240	9.9452	9.6417	9.6416
241	9.9377	9.6564	9.6561
242	9.9297	9.6709	9.6717
243	9.9211	9.6850	9.6839
244	9.9122	9.6988	9.6995
245	9.9027	9.7124	9.7122
246	9.8927	9.7256	9.7253
247	9.8823	9.7385	9.7393
248	9.8714	9.7512	9.7500
249	9.8600	9.7634	9.7641
250	9.8481	9.7754	9.7752
251	9.8357	9.7871	9.7869
252	9.8229	9.7986	9.7993
253	9.8096	9.8097	9.8085
254	9.7958	9.8204	9.8212
255	9.7815	9.8309	9.8306
256	9.7667	9.8410	9.8409
257	9.7515	9.8509	9.8515
258	9.7358	9.8605	9.8594
259	9.7196	9.8697	9.8705
260	9.7030	9.8786	9.8782
261	9.6858	9.8872	9.8871
262	9.6682	9.8955	9.8960
263	9.6502	9.9035	9.9025
264	9.6316	9.9112	9.9121
265	9.6126	9.9185	9.9180
266	9.5931	9.9255	9.9255
267	9.5732	9.9322	9.9327
268	9.5528	9.9387	9.9378
269	9.5319	9.9448	9.9458
270	9.5106	9.9505	9.9499
271	9.4888	9.9560	9.9561
272	9.4665	9.9611	9.9614
273	9.4438	9.9660	9.9652
274	9.4206	9.9705	9.9717
275	9.3969	9.9746	9.9739
276	9.3728	9.9785	9.9788
277	9.3483	9.9820	9.9822
278	9.3232	9.9853	9.9847
279	9.2978	9.9882	9.9893
280	9.2718	9.9908	9.9899
281	9.2455	9.9930	9.9935
282	9.2186	9.9950	9.9950
283	9.1914	9.9966	9.9961
284	9.1636	9.9979	9.9989
285	9.1355	9.9989	9.9979
286	9.1068	9.9996	10.0002
287	9.0778	9.9999	9.9998
288	9.0483	9.9999	9.9996
289	9.0183	9.9996	10.0004
290	8.9879	9.9990	9.9978
291	8.9571	9.9980	9.9988
292	8.9259	9.9967	9.9964
293	8.8942	9.9951	9.9950
294	8.8620	9.9932	9.9938
295	8.8295	9.9910	9.9900
296	8.7965	9.9884	9.9894
297	8.7631	9.9855	9.9850
298	8.7292	9.9822	9.9823
299	8.6950	9.9787	9.9791
300	8.6603	9.9748	9.9740
301	8.6251	9.9707	9.9718
302	8.5896	9.9661	9.9654
303	8.5537	9.9612	9.9615
304	8.5173	9.9561	9.9562
305	8.4805	9.9506	9.9499
306	8.4433	9.9448	9.9458
307	8.4057	9.9386	9.9377
308	8.3677	9.9321	9.9326
309	8.3292	9.9253	9.9252
310	8.2904	9.9181	9.9177
311	8.2511	9.9107	9.9115
312	8.2115	9.9029	9.9018
313	8.1715	9.8948	9.8955
314	8.1310	9.8863	9.8861
315	8.0902	9.8776	9.8774
316	8.0489	9.8685	9.8691
317	8.0073	9.8591	9.8581
318	7.9653	9.8494	9.8503
319	7.9229	9.8393	9.8387
320	7.8801	9.8289	9.8289
321	7.8369	9.8181	9.8185
322	7.7934	9.8071	9.8063
323	7.7495	9.7958	9.7970
324	7.7051	9.7840	9.7833
325	7.6605	9.7720	9.7723
326	7.6154	9.7596	9.7597
327	7.5700	9.7470	9.7465
328	7.5242	9.7340	9.7349
329	7.4780	9.7207	9.7196
330	7.4315	9.7070	9.7076
331	7.3846	9.6930	9.6928
332	7.3373	9.6787	9.6785
333	7.2897	9.6641	9.6648
334	7.2417	9.6492	9.6481
335	7.1934	9.6339	9.6348
336	7.1447	9.6183	9.6178
337	7.0957	9.6024	9.6025
338	7.0464	9.5862	9.5865
339	6.9966	9.5696	9.5688
340	6.9466	9.5528	9.5540
341	6.8962	9.5355	9.5348
342	6.8455	9.5180	9.5184
343	6.7944	9.5002	9.5002
344	6.7430	9.4820	9.4815
345	6.6913	9.4635	9.4644
346	6.6393	9.4448	9.4436
347	6.5869	9.4256	9.4263
348	6.5342	9.4061	9.4059
349	6.4812	9.3864	9.3862
350	6.4279	9.3663	9.3669
351	6.3743	9.3459	9.3449
352	6.3203	9.3252	9.3262
353	6.2661	9.3042	9.3035
354	6.2115	9.2828	9.2830
355	6.1566	9.2611	9.2613
356	6.1015	9.2392	9.2385
357	6.0460	9.2169	9.2179
358	5.9903	9.1943	9.1933
359	5.9342	9.1713	9.1719
360	5.8779	9.1481	9.1479
361	5.8212	9.1245	9.1242
362	5.7643	9.1007	9.1014
363	5.7072	9.0765	9.0754
364	5.6497	9.0520	9.0529
365	5.5919	9.0272	9.0267
366	5.5339	9.0021	9.0021
367	5.4757	8.9766	8.9770
368	5.4171	8.9509	8.9502
369	5.3583	8.9249	8.9261
370	5.2992	8.8986	8.8977
371	5.2399	8.8719	8.8723
372	5.1803	8.8449	8.8448
373	5.1204	8.8176	8.8173
374	5.0604	8.7901	8.7908
375	5.0000	8.7622	8.7611
376	4.9394	8.7340	8.7349
377	4.8786	8.7055	8.7051
378	4.8176	8.6768	8.6768
379	4.7563	8.6477	8.6480
380	4.6947	8.6183	8.6176
381	4.6330	8.5886	8.5898
382	4.5710	8.5586	8.5578
383	4.5088	8.5283	8.5288
384	4.4464	8.4977	8.4977
385	4.3837	8.4669	8.4665
386	4.3209	8.4357	8.4364
387	4.2578	8.4043	8.4031
388	4.1945	8.3725	8.3734
389	4.1311	8.3404	8.3399
390	4.0674	8.3081	8.3082
391	4.0035	8.2754	8.2757
392	3.9394	8.2425	8.2418
393	3.8752	8.2093	8.2104
394	3.8107	8.1758	8.1748
395	3.7461	8.1420	8.1425
396	3.6813	8.1079	8.1077
397	3.6163	8.0735	8.0733
398	3.5511	8.0388	8.0395
399	3.4857	8.0039	8.0029
400	3.4202	7.9687	7.9697
401	3.3545	7.9332	7.9325
402	3.2887	7.8974	7.8976
403	3.2227	7.8613	7.8615
404	3.1565	7.8250	7.8244
405	3.0902	7.7884	7.7893
406	3.0237	7.7515	7.7504
407	2.9571	7.7143	7.7150
408	2.8903	7.6768	7.6765
409	2.8234	7.6391	7.6390
410	2.7564	7.6011	7.6015
411	2.6892	7.5628	7.5620
412	2.6219	7.5243	7.5255
413	2.5545	7.4854	7.4846
414	2.4869	7.4463	7.4468
415	2.4192	7.4070	7.4069
416	2.3514	7.3674	7.3671
417	2.2835	7.3275	7.3282
418	2.2155	7.2874	7.2863
419	2.1474	7.2470	7.2479
420	2.0791	7.2063	7.2057
421	2.0108	7.1654	7.1655
422	1.9424	7.1242	7.1244
423	1.8738	7.0827	7.0822
424	1.8052	7.0411	7.0420
425	1.7365	6.9991	6.9980
426	1.6677	6.9569	6.9576
427	1.5988	6.9144	6.9141
428	1.5299	6.8717	6.8716
429	1.4609	6.8287	6.8291
430	1.3918	6.7855	6.7847
431	1.3226	6.7421	6.7433
432	1.2534	6.6984	6.6975
433	1.1841	6.6544	6.6549
434	1.1147	6.6102	6.6101
435	1.0453	6.5658	6.5655
436	0.9759	6.5211	6.5217
437	0.9064	6.4762	6.4752
438	0.8368	6.4311	6.4321
439	0.7672	6.3856	6.3849
440	0.6976	6.3400	6.3403
441	0.6279	6.2942	6.2942
442	0.5582	6.2481	6.2477
443	0.4885	6.2018	6.2025
444	0.4188	6.1552	6.1541
445	0.3490	6.1084	6.1093
446	0.2792	6.0614	6.0609
447	0.2095	6.0142	6.0143
448	0.1396	5.9667	5.9669
449	0.0698	5.9191	5.9185
450	0.0000	5.8712	5.8721
451	-0.0698	5.8231	5.8219
452	-0.1396	5.7747	5.7755
453	-0.2094	5.7262	5.7258
454	-0.2792	5.6774	5.6774
455	-0.3490	5.6284	5.6288
456	-0.4187	5.5793	5.5786
457	-0.4885	5.5299	5.5309
458	-0.5582	5.4803	5.4793
459	-0.6279	5.4305	5.4311
460	-0.6975	5.3804	5.3801
461	-0.7672	5.3302	5.3302
462	-0.8368	5.2798	5.2802
463	-0.9063	5.2292	5.2284
464	-0.9758	5.1784	5.1795
465	-1.0453	5.1274	5.1264
466	-1.1147	5.0761	5.0767
467	-1.1840	5.0247	5.0245
468	-1.2533	4.9732	4.9730
469	-1.3225	4.9214	4.9219
470	-1.3917	4.8694	4.8686
471	-1.4608	4.8173	4.8185
472	-1.5298	4.7649	4.7641
473	-1.5988	4.7124	4.7129
474	-1.6677	4.6597	4.6595
475	-1.7365	4.6068	4.6066
476	-1.8052	4.5537	4.5543
477	-1.8738	4.5005	4.4996
478	-1.9423	4.4471	4.4483
479	-2.0108	4.3935	4.3927
480	-2.0791	4.3397	4.3402
481	-2.1473	4.2858	4.2857
482	-2.2155	4.2317	4.2315
483	-2.2835	4.1775	4.1780
484	-2.3514	4.1231	4.1222
485	-2.4192	4.0685	4.0697
486	-2.4869	4.0138	4.0129
487	-2.5544	3.9588	3.9593
488	-2.6219	3.9038	3.9037
489	-2.6892	3.8486	3.8484
490	-2.7563	3.7932	3.7938
491	-2.8234	3.7377	3.7368
492	-2.8903	3.6821	3.6833
493	-2.9571	3.6263	3.6254
494	-3.0237	3.5703	3.5708
495	-3.0901	3.5142	3.5140
496	-3.1565	3.4580	3.4578
497	-3.2226	3.4016	3.4021
498	-3.2886	3.3451	3.3442
499	-3.3545	3.2885	3.2897
500	-3.4202	3.2317	3.2308
501	-3.4857	3.1748	3.1753
502	-3.5510	3.1177	3.1175
503	-3.6162	3.0606	3.0604
504	-3.6812	3.0033	3.0037
505	-3.7460	2.9459	2.9451
506	-3.8107	2.8883	2.8895
507	-3.8751	2.8307	2.8297
508	-3.9394	2.7729	2.7735
509	-4.0035	2.7150	2.7147
510	-4.0673	2.6570	2.6570
511	-4.1310	2.5989	2.5993
512	-4.1945	2.5407	2.5400
513	-4.2578	2.4824	2.4834
514	-4.3208	2.4239	2.4229
515	-4.3837	2.3654	2.3661
516	-4.4463	2.3067	2.3064
517	-4.5087	2.2480	2.2481
518	-4.5710	2.1892	2.1895
519	-4.6329	2.1303	2.1297
520	-4.6947	2.0712	2.0722
521	-4.7562	2.0121	2.0110
522	-4.8175	1.9529	1.9538
523	-4.8786	1.8936	1.8931
524	-4.9394	1.8343	1.8345
525	-5.0000	1.7748	1.7750
526	-5.0603	1.7153	1.7148
527	-5.1204	1.6557	1.6565
528	-5.1802	1.5960	1.5949
529	-5.2398	1.5363	1.5372
530	-5.2992	1.4764	1.4758
531	-5.3582	1.4165	1.4169
532	-5.4171	1.3566	1.3565
533	-5.4756	1.2965	1.2962
534	-5.5339	1.2364	1.2371
535	-5.5919	1.1763	1.1753
536	-5.6496	1.1161	1.1172
537	-5.7071	1.0558	1.0550
538	-5.7643	0.9955	0.9960
539	-5.8212	0.9351	0.9349
540	-5.8778	0.8747	0.8746
541	-5.9342	0.8142	0.8146
542	-5.9902	0.7537	0.7529
543	-6.0460	0.6931	0.6942
544	-6.1014	0.6325	0.6315
545	-6.1566	0.5719	0.5726
546	-6.2115	0.5112	0.5108
547	-6.2660	0.4505	0.4506
548	-6.3203	0.3897	0.3900
549	-6.3742	0.3290	0.3285
550	-6.4279	0.2682	0.2690
551	-6.4812	0.2074	0.2062
552	-6.5342	0.1465	0.1475
553	-6.5869	0.0856	0.0850
554	-6.6392	0.0247	0.0251
555	-6.6913	-0.0362	-0.0362
556	-6.7430	-0.0971	-0.0973
557	-6.7944	-0.1580	-0.1574
558	-6.8454	-0.2190	-0.2198
559	-6.8962	-0.2799	-0.2787
560	-6.9466	-0.3409	-0.3418
561	-6.9966	-0.4018	-0.4012
562	-7.0463	-0.4628	-0.4631
563	-7.0957	-0.5237	-0.5237
564	-7.1447	-0.5847	-0.5844
565	-7.1934	-0.6456	-0.6462
566	-7.2417	-0.7066	-0.7057
567	-7.2897	-0.7675	-0.7687
568	-7.3373	-0.8284	-0.8275
569	-7.3845	-0.8893	-0.8899
570	-7.4314	-0.9502	-0.9498
571	-7.4780	-1.0110	-1.0110
572	-7.5241	-1.0719	-1.0721
573	-7.5699	-1.1327	-1.1321
574	-7.6154	-1.1935	-1.1943
575	-7.6604	-1.2542	-1.2530
576	-7.7051	-1.3149	-1.3159
577	-7.7494	-1.3756	-1.3750
578	-7.7934	-1.4363	-1.4366
579	-7.8369	-1.4969	-1.4968
580	-7.8801	-1.5575	-1.5572
581	-7.9229	-1.6180	-1.6185
582	-7.9653	-1.6785	-1.6776
583	-8.0073	-1.7389	-1.7400
584	-8.0489	-1.7993	-1.7983
585	-8.0901	-1.8596	-1.8603
586	-8.1310	-1.9199	-1.9195
587	-8.1714	-1.9801	-1.9802
588	-8.2115	-2.0403	-2.0404
589	-8.2511	-2.1004	-2.0999
590	-8.2904	-2.1604	-2.1612
591	-8.3292	-2.2204	-2.2194
592	-8.3676	-2.2803	-2.2814
593	-8.4056	-2.3401	-2.3393
594	-8.4433	-2.3999	-2.4004
595	-8.4805	-2.4596	-2.4593
596	-8.5173	-2.5192	-2.5191
597	-8.5536	-2.5787	-2.5790
598	-8.5896	-2.6381	-2.6375
599	-8.6251	-2.6975	-2.6984
600	-8.6602	-2.7568	-2.7556
601	-8.6949	-2.8159	-2.8169
602	-8.7292	-2.8750	-2.8744
603	-8.7631	-2.9340	-2.9344
604	-8.7965	-2.9929	-2.9928
605	-8.8295	-3.0517	-3.0515
606	-8.8620	-3.1104	-3.1109
607	-8.8941	-3.1690	-3.1682
608	-8.9258	-3.2275	-3.2285
609	-8.9571	-3.2859	-3.2847
610	-8.9879	-3.3441	-3.3449
611	-9.0183	-3.4023	-3.4017
612	-9.0483	-3.4603	-3.4606
613	-9.0778	-3.5182	-3.5182
614	-9.1068	-3.5760	-3.5757
615	-9.1354	-3.6337	-3.6343
616	-9.1636	-3.6913	-3.6904
617	-9.1913	-3.7487	-3.7498
618	-9.2186	-3.8060	-3.8050
619	-9.2454	-3.8632	-3.8639
620	-9.2718	-3.9202	-3.9197
621	-9.2978	-3.9771	-3.9773
622	-9.3232	-4.0338	-4.0339
623	-9.3482	-4.0905	-4.0901
624	-9.3728	-4.1469	-4.1475
625	-9.3969	-4.2033	-4.2024
626	-9.4206	-4.2595	-4.2606
627	-9.4438	-4.3155	-4.3145
628	-9.4665	-4.3714	-4.3721
629	-9.4887	-4.4271	-4.4266
630	-9.5106	-4.4827	-4.4829
631	-9.5319	-4.5381	-4.5381
632	-9.5528	-4.5933	-4.5930
633	-9.5732	-4.6484	-4.6490
634	-9.5931	-4.7033	-4.7025
635	-9.6126	-4.7581	-4.7592
636	-9.6316	-4.8127	-4.8117
637	-9.6502	-4.8671	-4.8679
638	-9.6682	-4.9213	-4.9208
639	-9.6858	-4.9754	-4.9756
640	-9.7029	-5.0293	-5.0293
641	-9.7196	-5.0830	-5.0827
642	-9.7358	-5.1365	-5.1370
643	-9.7515	-5.1898	-5.1890
644	-9.7667	-5.2430	-5.2441
645	-9.7815	-5.2959	-5.2949
646	-9.7957	-5.3487	-5.3495
647	-9.8095	-5.4012	-5.4007
648	-9.8229	-5.4536	-5.4539
649	-9.8357	-5.5058	-5.5057
650	-9.8481	-5.5577	-5.5575
651	-9.8600	-5.6095	-5.6100
652	-9.8714	-5.6611	-5.6604
653	-9.8823	-5.7125	-5.7134
654	-9.8927	-5.7636	-5.7624
655	-9.9027	-5.8145	-5.8155
656	-9.9122	-5.8652	-5.8646
657	-9.9211	-5.9157	-5.9161
658	-9.9297	-5.9660	-5.9658
659	-9.9377	-6.0161	-6.0160
660	-9.9452	-6.0659	-6.0663
661	-9.9523	-6.1155	-6.1149
662	-9.9588	-6.1649	-6.1658
663	-9.9649	-6.2141	-6.2130
664	-9.9705	-6.2630	-6.2641
665	-9.9756	-6.3117	-6.3109
666	-9.9803	-6.3602	-6.3607
667	-9.9844	-6.4084	-6.4080
668	-9.9881	-6.4564	-6.4564
669	-9.9912	-6.5041	-6.5043
670	-9.9939	-6.5516	-6.5512
671	-9.9961	-6.5989	-6.5995
672	-9.9978	-6.6459	-6.6450
673	-9.9990	-6.6926	-6.6938
674	-9.9998	-6.7391	-6.7381
675	-10.0000	-6.7854	-6.7862
676	-9.9998	-6.8314	-6.8308
677	-9.9990	-6.8771	-6.8774
678	-9.9978	-6.9225	-6.9225
679	-9.9961	-6.9678	-6.9676
680	-9.9939	-7.0127	-7.0131
681	-9.9912	-7.0574	-7.0567
682	-9.9881	-7.1018	-7.1027
683	-9.9844	-7.1460	-7.1448
684	-9.9803	-7.1899	-7.1909
685	-9.9756	-7.2334	-7.2326
686	-9.9705	-7.2768	-7.2773
687	-9.9649	-7.3198	-7.3195
688	-9.9588	-7.3626	-7.3626
689	-9.9523	-7.4050	-7.4052
690	-9.9452	-7.4473	-7.4469
691	-9.9377	-7.4892	-7.4898
692	-9.9297	-7.5308	-7.5300
693	-9.9212	-7.5722	-7.5733
694	-9.9122	-7.6132	-7.6121
695	-9.9027	-7.6540	-7.6548
696	-9.8927	-7.6944	-7.6938
697	-9.8823	-7.7346	-7.7350
698	-9.8714	-7.7744	-7.7743
699	-9.8600	-7.8140	-7.8139
700	-9.8481	-7.8533	-7.8536
701	-9.8357	-7.8922	-7.8917
702	-9.8229	-7.9309	-7.9317
703	-9.8096	-7.9693	-7.9683
704	-9.7958	-8.0073	-8.0085
705	-9.7815	-8.0450	-8.0441
706	-9.7667	-8.0824	-8.0832
707	-9.7515	-8.1195	-8.1190
708	-9.7358	-8.1563	-8.1566
709	-9.7196	-8.1928	-8.1927
710	-9.7030	-8.2289	-8.2288
711	-9.6858	-8.2648	-8.2651
712	-9.6682	-8.3003	-8.2997
713	-9.6502	-8.3355	-8.3363
714	-9.6316	-8.3703	-8.3693
715	-9.6126	-8.4049	-8.4060
716	-9.5932	-8.4391	-8.4381
717	-9.5732	-8.4729	-8.4736
718	-9.5528	-8.5064	-8.5059
719	-9.5319	-8.5396	-8.5399
720	-9.5106	-8.5725	-8.5724
721	-9.4888	-8.6050	-8.6049
722	-9.4665	-8.6372	-8.6376
723	-9.4438	-8.6691	-8.6685
724	-9.4206	-8.7006	-8.7014
725	-9.3969	-8.7318	-8.7307
726	-9.3728	-8.7626	-8.7638
727	-9.3483	-8.7930	-8.7921
728	-9.3233	-8.8232	-8.8239
729	-9.2978	-8.8529	-8.8524
730	-9.2719	-8.8823	-8.8827
731	-9.2455	-8.9114	-8.9113
732	-9.2186	-8.9401	-8.9400
733	-9.1914	-8.9685	-8.9688
734	-9.1636	-8.9965	-8.9960
735	-9.1355	-9.0241	-9.0249
736	-9.1069	-9.0514	-9.0505
737	-9.0778	-9.0784	-9.0795
738	-9.0483	-9.1049	-9.1039
739	-9.0183	-9.1311	-9.1319
740	-8.9880	-9.1569	-9.1563
741	-8.9571	-9.1824	-9.1828
742	-8.9259	-9.2075	-9.2072
743	-8.8942	-9.2322	-9.2322
744	-8.8621	-9.2566	-9.2567
745	-8.8295	-9.2805	-9.2801
746	-8.7965	-9.3042	-9.3048
747	-8.7631	-9.3274	-9.3266
748	-8.7292	-9.3503	-9.3513
749	-8.6950	-9.3728	-9.3716
750	-8.6603	-9.3949	-9.3959
751	-8.6252	-9.4166	-9.4158
752	-8.5896	-9.4379	-9.4385
753	-8.5537	-9.4589	-9.4585
754	-8.5173	-9.4795	-9.4797
755	-8.4805	-9.4997	-9.4997
756	-8.4433	-9.5195	-9.5193
757	-8.4057	-9.5389	-9.5393
758	-8.3677	-9.5580	-9.5574
759	-8.3292	-9.5766	-9.5774
760	-8.2904	-9.5949	-9.5939
761	-8.2512	-9.6128	-9.6140
762	-8.2115	-9.6303	-9.6292
763	-8.1715	-9.6474	-9.6482
764	-8.1310	-9.6640	-9.6634
765	-8.0902	-9.6803	-9.6808
766	-8.0490	-9.6962	-9.6960
767	-8.0073	-9.7118	-9.7118
768	-7.9653	-9.7269	-9.7270
769	-7.9229	-9.7416	-9.7413
770	-7.8801	-9.7559	-9.7564
771	-7.8370	-9.7698	-9.7692
772	-7.7934	-9.7834	-9.7843
773	-7.7495	-9.7965	-9.7954
774	-7.7052	-9.8092	-9.8104
775	-7.6605	-9.8215	-9.8206
776	-7.6154	-9.8334	-9.8342
777	-7.5700	-9.8449	-9.8443
778	-7.5242	-9.8560	-9.8564
779	-7.4780	-9.8667	-9.8665
780	-7.4315	-9.8770	-9.8770
781	-7.3846	-9.8868	-9.8870
782	-7.3373	-9.8963	-9.8960
783	-7.2897	-9.9054	-9.9059
784	-7.2418	-9.9140	-9.9133
785	-7.1934	-9.9223	-9.9232
786	-7.1448	-9.9301	-9.9290
787	-7.0957	-9.9375	-9.9387
788	-7.0464	-9.9445	-9.9435
789	-6.9967	-9.9511	-9.9519
790	-6.9466	-9.9573	-9.9566
791	-6.8962	-9.9630	-9.9635
792	-6.8455	-9.9683	-9.9681
793	-6.7944	-9.9733	-9.9734
794	-6.7431	-9.9778	-9.9779
795	-6.6913	-9.9819	-9.9816
796	-6.6393	-9.9856	-9.9860
797	-6.5869	-9.9888	-9.9882
798	-6.5342	-9.9917	-9.9925
799	-6.4812	-9.9941	-9.9932
800	-6.4279	-9.9961	-9.9973
801	-6.3743	-9.9977	-9.9966
802	-6.3203	-9.9989	-9.9998
803	-6.2661	-9.9996	-9.9989
804	-6.2115	-9.9999	-10.0005
805	-6.1567	-9.9998	-9.9994
806	-6.1015	-9.9993	-9.9996
807	-6.0460	-9.9984	-9.9983
808	-5.9903	-9.9970	-9.9969
809	-5.9342	-9.9952	-9.9955
810	-5.8779	-9.9930	-9.9926
811	-5.8213	-9.9904	-9.9910
812	-5.7644	-9.9874	-9.9866
813	-5.7072	-9.9839	-9.9849
814	-5.6497	-9.9801	-9.9790
815	-5.5920	-9.9758	-9.9769
816	-5.5340	-9.9710	-9.9700
817	-5.4757	-9.9658	-9.9667
818	-5.4171	-9.9602	-9.9596
819	-5.3583	-9.9542	-9.9547
820	-5.2992	-9.9478	-9.9475
821	-5.2399	-9.9409	-9.9411
822	-5.1803	-9.9337	-9.9336
823	-5.1205	-9.9259	-9.9258
824	-5.0604	-9.9178	-9.9181
825	-5.0000	-9.9093	-9.9088
826	-4.9395	-9.9003	-9.9010
827	-4.8786	-9.8909	-9.8901
828	-4.8176	-9.8811	-9.8821
829	-4.7563	-9.8709	-9.8698
830	-4.6948	-9.8602	-9.8614
831	-4.6330	-9.8491	-9.8481
832	-4.5710	-9.8376	-9.8385
833	-4.5088	-9.8257	-9.8250
834	-4.4464	-9.8133	-9.8138
835	-4.3838	-9.8005	-9.8001
836	-4.3209	-9.7873	-9.7875
837	-4.2578	-9.7737	-9.7736
838	-4.1946	-9.7597	-9.7596
839	-4.1311	-9.7452	-9.7454
840	-4.0674	-9.7303	-9.7299
841	-4.0035	-9.7150	-9.7156
842	-3.9395	-9.6993	-9.6986
843	-3.8752	-9.6832	-9.6840
844	-3.8108	-9.6666	-9.6656
845	-3.7461	-9.6496	-9.6508
846	-3.6813	-9.6322	-9.6311
847	-3.6163	-9.6144	-9.6154
848	-3.5511	-9.5961	-9.5953
849	-3.4858	-9.5775	-9.5782
850	-3.4202	-9.5584	-9.5578
851	-3.3546	-9.5389	-9.5393
852	-3.2887	-9.5190	-9.5187
853	-3.2227	-9.4987	-9.4988
854	-3.1565	-9.4779	-9.4780
855	-3.0902	-9.4568	-9.4566
856	-3.0237	-9.4352	-9.4355
857	-2.9571	-9.4132	-9.4128
858	-2.8904	-9.3909	-9.3915
859	-2.8235	-9.3681	-9.3673
860	-2.7564	-9.3449	-9.3458
861	-2.6892	-9.3213	-9.3202
862	-2.6219	-9.2972	-9.2984
863	-2.5545	-9.2728	-9.2717
864	-2.4869	-9.2479	-9.2489
865	-2.4193	-9.2227	-9.2218
866	-2.3515	-9.1970	-9.1977
867	-2.2836	-9.1709	-9.1704
868	-2.2155	-9.1444	-9.1449
869	-2.1474	-9.1176	-9.1173
870	-2.0792	-9.0903	-9.0905
871	-2.0108	-9.0626	-9.0626
872	-1.9424	-9.0345	-9.0344
873	-1.8739	-9.0060	-9.0063
874	-1.8052	-8.9772	-8.9768
875	-1.7365	-8.9479	-8.9484
876	-1.6677	-8.9182	-8.9176
877	-1.5989	-8.8881	-8.8889
878	-1.5299	-8.8577	-8.8568
879	-1.4609	-8.8268	-8.8278
880	-1.3918	-8.7956	-8.7944
881	-1.3226	-8.7639	-8.7651
882	-1.2534	-8.7319	-8.7308
883	-1.1841	-8.6994	-8.7003
884	-1.1147	-8.6666	-8.6658
885	-1.0453	-8.6334	-8.6340
886	-0.9759	-8.5998	-8.5993
887	-0.9064	-8.5658	-8.5662
888	-0.8368	-8.5314	-8.5311
889	-0.7672	-8.4967	-8.4968
890	-0.6976	-8.4615	-8.4615
891	-0.6280	-8.4260	-8.4259
892	-0.5583	-8.3901	-8.3903
893	-0.4886	-8.3539	-8.3535
894	-0.4188	-8.3172	-8.3177
895	-0.3490	-8.2802	-8.2796
896	-0.2793	-8.2428	-8.2435
897	-0.2095	-8.2050	-8.2042
898	-0.1397	-8.1669	-8.1678
899	-0.0699	-8.1284	-8.1273
900	-0.0001	-8.0895	-8.0907
901	0.0698	-8.0503	-8.0491
902	0.1396	-8.0107	-8.0117
903	0.2094	-7.9707	-7.9698
904	0.2792	-7.9303	-7.9311
905	0.3489	-7.8896	-7.8890
906	0.4187	-7.8486	-7.8491
907	0.4884	-7.8071	-7.8067
908	0.5582	-7.7654	-7.7657
909	0.6279	-7.7232	-7.7230
910	0.6975	-7.6808	-7.6809
911	0.7671	-7.6379	-7.6379
912	0.8367	-7.5947	-7.5946
913	0.9063	-7.5512	-7.5514
914	0.9758	-7.5073	-7.5070
915	1.0452	-7.4631	-7.4635
916	1.1146	-7.4185	-7.4180
917	1.1840	-7.3736	-7.3743
918	1.2533	-7.3284	-7.3276
919	1.3225	-7.2828	-7.2837
920	1.3917	-7.2369	-7.2359
921	1.4608	-7.1906	-7.1917
922	1.5298	-7.1441	-7.1429
923	1.5988	-7.0971	-7.0983
924	1.6676	-7.0499	-7.0488
925	1.7364	-7.0023	-7.0032
926	1.8051	-6.9544	-6.9535
927	1.8738	-6.9062	-6.9069
928	1.9423	-6.8576	-6.8570
929	2.0107	-6.8087	-6.8093
930	2.0791	-6.7595	-6.7591
931	2.1473	-6.7100	-6.7104
932	2.2154	-6.6602	-6.6600
933	2.2835	-6.6101	-6.6102
934	2.3514	-6.5597	-6.5596
935	2.4192	-6.5089	-6.5089
936	2.4868	-6.4579	-6.4580
937	2.5544	-6.4065	-6.4063
938	2.6218	-6.3549	-6.3552
939	2.6891	-6.3029	-6.3025
940	2.7563	-6.2507	-6.2512
941	2.8234	-6.1981	-6.1975
942	2.8903	-6.1453	-6.1460
943	2.9570	-6.0922	-6.0914
944	3.0236	-6.0388	-6.0397
945	3.0901	-5.9851	-5.9841
946	3.1564	-5.9311	-5.9322
947	3.2226	-5.8768	-5.8756
948	3.2886	-5.8223	-5.8234
949	3.3545	-5.7674	-5.7664
950	3.4201	-5.7123	-5.7133
951	3.4857	-5.6570	-5.6560
952	3.5510	-5.6013	-5.6021
953	3.6162	-5.5454	-5.5447
954	3.6812	-5.4892	-5.4899
955	3.7460	-5.4328	-5.4322
956	3.8107	-5.3761	-5.3765
957	3.8751	-5.3191	-5.3187
958	3.9394	-5.2619	-5.2622
959	4.0034	-5.2044	-5.2042
960	4.0673	-5.1467	-5.1468
961	4.1310	-5.0887	-5.0886
962	4.1945	-5.0305	-5.0305
963	4.2577	-4.9720	-4.9721
964	4.3208	-4.9133	-4.9132
965	4.3837	-4.8544	-4.8546
966	4.4463	-4.7952	-4.7949
967	4.5087	-4.7358	-4.7362
968	4.5709	-4.6762	-4.6757
969	4.6329	-4.6163	-4.6168
970	4.6947	-4.5562	-4.5555
971	4.7562	-4.4959	-4.4966
972	4.8175	-4.4353	-4.4345
973	4.8785	-4.3745	-4.3754
974	4.9394	-4.3136	-4.3126
975	4.9999	-4.2524	-4.2534
976	5.0603	-4.1910	-4.1899
977	5.1204	-4.1294	-4.1305
978	5.1802	-4.0675	-4.0663
979	5.2398	-4.0055	-4.0067
980	5.2991	-3.9433	-3.9422
981	5.3582	-3.8809	-3.8819
982	5.4170	-3.8183	-3.8173
983	5.4756	-3.7555	-3.7563
984	5.5339	-3.6925	-3.6917
985	5.5919	-3.6293	-3.6300
986	5.6496	-3.5659	-3.5653
987	5.7071	-3.5024	-3.5030
988	5.7643	-3.4386	-3.4381
989	5.8212	-3.3748	-3.3752
990	5.8778	-3.3107	-3.3103
991	5.9341	-3.2464	-3.2468
992	5.9902	-3.1820	-3.1818
993	6.0459	-3.1175	-3.1177
994	6.1014	-3.0527	-3.0526
995	6.1566	-2.9878	-2.9879
996	6.2114	-2.9228	-2.9228
997	6.2660	-2.8576	-2.8576
998	6.3202	-2.7923	-2.7923
999	6.3742	-2.7268	-2.7266
1000	6.4278	-2.6611	-2.6613
1001	6.4812	-2.5954	-2.5951
1002	6.5342	-2.5294	-2.5298
1003	6.5868	-2.4634	-2.4630
1004	6.6392	-2.3972	-2.3976
1005	6.6913	-2.3309	-2.3304
1006	6.7430	-2.2645	-2.2650
1007	6.7944	-2.1979	-2.1973
1008	6.8454	-2.1313	-2.1319
1009	6.8962	-2.0645	-2.0638
1010	6.9465	-1.9976	-1.9983
1011	6.9966	-1.9305	-1.9297
1012	7.0463	-1.8634	-1.8643
1013	7.0957	-1.7962	-1.7953
1014	7.1447	-1.7289	-1.7298
1015	7.1934	-1.6614	-1.6604
1016	7.2417	-1.5939	-1.5949
1017	7.2896	-1.5263	-1.5252
1018	7.3373	-1.4586	-1.4597
1019	7.3845	-1.3908	-1.3896
1020	7.4314	-1.3229	-1.3241
1021	7.4779	-1.2550	-1.2538
1022	7.5241	-1.1869	-1.1881
1023	7.5699	-1.1188	-1.1178
1024	7.6153	-1.0507	-1.0517
1025	7.6604	-0.9824	-0.9815
1026	7.7051	-0.9141	-0.9151
1027	7.7494	-0.8458	-0.8449
1028	7.7933	-0.7773	-0.7782
1029	7.8369	-0.7089	-0.7081
1030	7.8801	-0.6404	-0.6411
1031	7.9229	-0.5718	-0.5710
1032	7.9653	-0.5032	-0.5039
1033	8.0073	-0.4345	-0.4338
1034	8.0489	-0.3658	-0.3664
1035	8.0901	-0.2971	-0.2965
1036	8.1310	-0.2283	-0.2289
1037	8.1714	-0.1595	-0.1590
1038	8.2115	-0.0907	-0.0912
1039	8.2511	-0.0219	-0.0214
1040	8.2903	0.0470	0.0466
1041	8.3292	0.1159	0.1163
1042	8.3676	0.1848	0.1844
1043	8.4056	0.2537	0.2540
1044	8.4432	0.3226	0.3223
1045	8.4804	0.3915	0.3917
1046	8.5172	0.4604	0.4601
1047	8.5536	0.5293	0.5295
1048	8.5896	0.5982	0.5980
1049	8.6251	0.6670	0.6672
1050	8.6602	0.7359	0.7358
1051	8.6949	0.8048	0.8049
1052	8.7292	0.8736	0.8735
1053	8.7630	0.9424	0.9424
1054	8.7965	1.0112	1.0112
1055	8.8294	1.0799	1.0799
1056	8.8620	1.1486	1.1487
1057	8.8941	1.2173	1.2173
1058	8.9258	1.2860	1.2860
1059	8.9571	1.3545	1.3544
1060	8.9879	1.4231	1.4232
1061	9.0183	1.4916	1.4914
1062	9.0482	1.5600	1.5602
1063	9.0777	1.6284	1.6282
1064	9.1068	1.6967	1.6969
1065	9.1354	1.7650	1.7648
1066	9.1636	1.8332	1.8334
1067	9.1913	1.9013	1.9011
1068	9.2186	1.9693	1.9696
1069	9.2454	2.0373	2.0370
1070	9.2718	2.1052	2.1055
1071	9.2977	2.1730	2.1727
1072	9.3232	2.2407	2.2410
1073	9.3482	2.3084	2.3080
1074	9.3728	2.3759	2.3762
1075	9.3969	2.4433	2.4430
1076	9.4206	2.5107	2.5110
1077	9.4437	2.5779	2.5775
1078	9.4665	2.6450	2.6454
1079	9.4887	2.7120	2.7117
1080	9.5105	2.7790	2.7793
1081	9.5319	2.8457	2.8453
1082	9.5528	2.9124	2.9128
1083	9.5732	2.9789	2.9785
1084	9.5931	3.0453	3.0458
1085	9.6126	3.1116	3.1112
1086	9.6316	3.1778	3.1782
1087	9.6501	3.2438	3.2434
1088	9.6682	3.3097	3.3101
1089	9.6858	3.3754	3.3750
1090	9.7029	3.4410	3.4414
1091	9.7196	3.5064	3.5060
1092	9.7358	3.5717	3.5721
1093	9.7515	3.6368	3.6363
1094	9.7667	3.7018	3.7022
1095	9.7815	3.7665	3.7661
1096	9.7957	3.8312	3.8316
1097	9.8095	3.8956	3.8952
1098	9.8229	3.9599	3.9603
1099	9.8357	4.0240	4.0236
1100	9.8481	4.0879	4.0884
1101	9.8599	4.1517	4.1513
1102	9.8714	4.2152	4.2157
1103	9.8823	4.2786	4.2782
1104	9.8927	4.3418	4.3422
1105	9.9027	4.4048	4.4044
1106	9.9121	4.4675	4.4679
1107	9.9211	4.5301	4.5297
1108	9.9296	4.5925	4.5929
1109	9.9377	4.6546	4.6543
1110	9.9452	4.7166	4.7169
1111	9.9523	4.7783	4.7780
1112	9.9588	4.8398	4.8402
1113	9.9649	4.9011	4.9008
1114	9.9705	4.9622	4.9625
1115	9.9756	5.0230	5.0227
1116	9.9803	5.0836	5.0839
1117	9.9844	5.1440	5.1437
1118	9.9881	5.2041	5.2044
1119	9.9912	5.2640	5.2638
1120	9.9939	5.3237	5.3239
1121	9.9961	5.3830	5.3829
1122	9.9978	5.4422	5.4424
1123	9.9990	5.5011	5.5009
1124	9.9998	5.5597	5.5599
1125	10.0000	5.6181	5.6180
1126	9.9998	5.6762	5.6763
1127	9.9990	5.7341	5.7340
1128	9.9978	5.7916	5.7917
1129	9.9961	5.8489	5.8489
1130	9.9939	5.9060	5.9060
1131	9.9912	5.9627	5.9627
1132	9.9881	6.0192	6.0191
1133	9.9844	6.0754	6.0754
1134	9.9803	6.1313	6.1311
1135	9.9756	6.1869	6.1870
1136	9.9705	6.2422	6.2420
1137	9.9649	6.2972	6.2974
1138	9.9588	6.3519	6.3517
1139	9.9523	6.4063	6.4065
1140	9.9452	6.4604	6.4601
1141	9.9377	6.5142	6.5145
1142	9.9297	6.5677	6.5674
1143	9.9212	6.6209	6.6212
1144	9.9122	6.6737	6.6733
1145	9.9027	6.7263	6.7267
1146	9.8927	6.7785	6.7780
1147	9.8823	6.8303	6.8308
1148	9.8714	6.8819	6.8814
1149	9.8600	6.9331	6.9337
1150	9.8481	6.9840	6.9834
1151	9.8357	7.0346	7.0352
1152	9.8229	7.0848	7.0841
1153	9.8096	7.1347	7.1354
1154	9.7958	7.1842	7.1834
1155	9.7815	7.2334	7.2341
1156	9.7667	7.2822	7.2813
1157	9.7515	7.3306	7.3315
1158	9.7358	7.3788	7.3778
1159	9.7196	7.4265	7.4275
1160	9.7030	7.4739	7.4729
1161	9.6858	7.5209	7.5220
1162	9.6683	7.5676	7.5665
1163	9.6502	7.6139	7.6150
1164	9.6316	7.6598	7.6586
1165	9.6126	7.7053	7.7065
1166	9.5932	7.7505	7.7493
1167	9.5732	7.7953	7.7964
1168	9.5528	7.8397	7.8386
1169	9.5319	7.8837	7.8847
1170	9.5106	7.9273	7.9263
1171	9.4888	7.9705	7.9714
1172	9.4665	8.0134	8.0125
1173	9.4438	8.0558	8.0566
1174	9.4206	8.0978	8.0971
1175	9.3970	8.1395	8.1402
1176	9.3728	8.1807	8.1801
1177	9.3483	8.2215	8.2221
1178	9.3233	8.2620	8.2614
1179	9.2978	8.3020	8.3025
1180	9.2719	8.3416	8.3412
1181	9.2455	8.3808	8.3811
1182	9.2187	8.4195	8.4192
1183	9.1914	8.4579	8.4581
1184	9.1637	8.4958	8.4956
1185	9.1355	8.5333	8.5335
1186	9.1069	8.5704	8.5703
1187	9.0778	8.6070	8.6071
1188	9.0483	8.6433	8.6433
1189	9.0184	8.6790	8.6789
1190	8.9880	8.7144	8.7145
1191	8.9572	8.7493	8.7491
1192	8.9259	8.7838	8.7841
1193	8.8942	8.8178	8.8174
1194	8.8621	8.8514	8.8518
1195	8.8295	8.8845	8.8840
1196	8.7965	8.9172	8.9178
1197	8.7631	8.9495	8.9488
1198	8.7293	8.9812	8.9819
1199	8.6950	9.0126	9.0118
1200	8.6603	9.0435	9.0443
1201	8.6252	9.0739	9.0730
1202	8.5896	9.1039	9.1048
1203	8.5537	9.1334	9.1323
1204	8.5173	9.1624	9.1635
1205	8.4805	9.1910	9.1898
1206	8.4433	9.2191	9.2202
1207	8.4057	9.2467	9.2456
1208	8.3677	9.2738	9.2749
1209	8.3293	9.3005	9.2996
1210	8.2904	9.3267	9.3276
1211	8.2512	9.3525	9.3517
1212	8.2115	9.3777	9.3784
1213	8.1715	9.4025	9.4018
1214	8.1311	9.4268	9.4273
1215	8.0902	9.4506	9.4501
1216	8.0490	9.4739	9.4743
1217	8.0074	9.4967	9.4964
1218	7.9653	9.5191	9.5193
1219	7.9229	9.5409	9.5408
1220	7.8802	9.5623	9.5624
1221	7.8370	9.5832	9.5832
1222	7.7934	9.6036	9.6035
1223	7.7495	9.6234	9.6236
1224	7.7052	9.6428	9.6426
1225	7.6605	9.6617	9.6621
1226	7.6154	9.6801	9.6797
1227	7.5700	9.6980	9.6985
1228	7.5242	9.7154	9.7148
1229	7.4780	9.7323	9.7330
1230	7.4315	9.7487	9.7479
1231	7.3846	9.7646	9.7654
1232	7.3373	9.7799	9.7790
1233	7.2897	9.7948	9.7958
1234	7.2418	9.8091	9.8080
1235	7.1935	9.8230	9.8242
1236	7.1448	9.8363	9.8352
1237	7.0958	9.8491	9.8501
1238	7.0464	9.8614	9.8605
1239	6.9967	9.8731	9.8740
1240	6.9466	9.8844	9.8837
1241	6.8962	9.8951	9.8958
1242	6.8455	9.9054	9.9048
1243	6.7945	9.9151	9.9155
1244	6.7431	9.9242	9.9239
1245	6.6914	9.9329	9.9331
1246	6.6393	9.9410	9.9409
1247	6.5869	9.9487	9.9487
1248	6.5343	9.9558	9.9558
1249	6.4813	9.9623	9.9621
1250	6.4279	9.9684	9.9686
1251	6.3743	9.9739	9.9735
1252	6.3204	9.9789	9.9794
1253	6.2661	9.9833	9.9827
1254	6.2115	9.9873	9.9880
1255	6.1567	9.9907	9.9899
1256	6.1015	9.9936	9.9945
1257	6.0461	9.9959	9.9949
1258	5.9903	9.9977	9.9989
1259	5.9342	9.9990	9.9978
1260	5.8779	9.9998	10.0009
1261	5.8213	10.0000	9.9990
1262	5.7644	9.9997	10.0005
1263	5.7072	9.9988	9.9980
1264	5.6497	9.9974	9.9980
1265	5.5920	9.9955	9.9950
1266	5.5340	9.9930	9.9934
1267	5.4757	9.9900	9.9897
1268	5.4171	9.9865	9.9867
1269	5.3583	9.9825	9.9824
1270	5.2993	9.9779	9.9778
1271	5.2399	9.9727	9.9729
1272	5.1803	9.9671	9.9668
1273	5.1205	9.9609	9.9613
1274	5.0604	9.9542	9.9537
1275	5.0001	9.9469	9.9475
1276	4.9395	9.9391	9.9383
1277	4.8787	9.9308	9.9316
1278	4.8176	9.9219	9.9209
1279	4.7563	9.9125	9.9136
1280	4.6948	9.9026	9.9014
1281	4.6330	9.8921	9.8931
1282	4.5710	9.8810	9.8801
1283	4.5088	9.8695	9.8703
1284	4.4464	9.8574	9.8567
1285	4.3838	9.8447	9.8453
1286	4.3209	9.8316	9.8311
1287	4.2579	9.8179	9.8182
1288	4.1946	9.8036	9.8035
1289	4.1311	9.7889	9.7889
1290	4.0674	9.7736	9.7737
1291	4.0036	9.7578	9.7575
1292	3.9395	9.7414	9.7417
1293	3.8752	9.7245	9.7240
1294	3.8108	9.7071	9.7077
1295	3.7461	9.6891	9.6884
1296	3.6813	9.6707	9.6715
1297	3.6163	9.6517	9.6506
1298	3.5511	9.6321	9.6333
1299	3.4858	9.6120	9.6109
1300	3.4203	9.5914	9.5924
1301	3.3546	9.5703	9.5694
1302	3.2887	9.5486	9.5493
1303	3.2227	9.5264	9.5258
1304	3.1566	9.5037	9.5042
1305	3.0902	9.4805	9.4802
1306	3.0238	9.4567	9.4569
1307	2.9572	9.4324	9.4324
1308	2.8904	9.4076	9.4075
1309	2.8235	9.3823	9.3826
1310	2.7564	9.3565	9.3561
1311	2.6893	9.3301	9.3307
1312	2.6220	9.3032	9.3025
1313	2.5545	9.2759	9.2767
1314	2.4870	9.2479	9.2470
1315	2.4193	9.2195	9.2207
1316	2.3515	9.1906	9.1895
1317	2.2836	9.1611	9.1621
1318	2.2156	9.1312	9.1303
1319	2.1474	9.1007	9.1014
1320	2.0792	9.0697	9.0691
1321	2.0109	9.0382	9.0386
1322	1.9424	9.0062	9.0059
1323	1.8739	8.9737	8.9738
1324	1.8053	8.9407	8.9407
1325	1.7366	8.9072	8.9070
1326	1.6678	8.8732	8.8735
1327	1.5989	8.8387	8.8381
1328	1.5299	8.8037	8.8044
1329	1.4609	8.7682	8.7673
1330	1.3918	8.7322	8.7332
1331	1.3226	8.6957	8.6946
1332	1.2534	8.6587	8.6598
1333	1.1841	8.6213	8.6203
1334	1.1148	8.5833	8.5841
1335	1.0454	8.5449	8.5442
1336	0.9759	8.5059	8.5064
1337	0.9064	8.4665	8.4662
1338	0.8369	8.4266	8.4268
1339	0.7673	8.3863	8.3863
1340	0.6976	8.3454	8.3452
1341	0.6280	8.3041	8.3045
1342	0.5583	8.2623	8.2618
1343	0.4886	8.2200	8.2207
1344	0.4188	8.1773	8.1765
1345	0.3491	8.1341	8.1352
1346	0.2793	8.0905	8.0893
1347	0.2095	8.0463	8.0474
1348	0.1397	8.0017	8.0008
1349	0.0699	7.9567	7.9574
1350	0.0001	7.9112	7.9106
1351	-0.0697	7.8652	7.8656
1352	-0.1395	7.8188	7.8186
1353	-0.2093	7.7719	7.7719
1354	-0.2791	7.7246	7.7247
1355	-0.3489	7.6768	7.6765
1356	-0.4187	7.6286	7.6291
1357	-0.4884	7.5800	7.5793
1358	-0.5581	7.5309	7.5318
1359	-0.6278	7.4814	7.4804
1360	-0.6975	7.4315	7.4327
1361	-0.7671	7.3811	7.3800
1362	-0.8367	7.3302	7.3311
1363	-0.9062	7.2790	7.2783
1364	-0.9757	7.2273	7.2278
1365	-1.0452	7.1752	7.1749
1366	-1.1146	7.1227	7.1228
1367	-1.1840	7.0698	7.0699
1368	-1.2532	7.0165	7.0162
1369	-1.3225	6.9627	6.9632
1370	-1.3916	6.9086	6.9080
1371	-1.4607	6.8540	6.8548
1372	-1.5298	6.7991	6.7981
1373	-1.5987	6.7437	6.7449
1374	-1.6676	6.6879	6.6869
1375	-1.7364	6.6318	6.6326
1376	-1.8051	6.5752	6.5746
1377	-1.8737	6.5183	6.5188
1378	-1.9423	6.4610	6.4607
1379	-2.0107	6.4033	6.4034
1380	-2.0790	6.3452	6.3453
1381	-2.1473	6.2867	6.2864
1382	-2.2154	6.2279	6.2284
1383	-2.2834	6.1687	6.1680
1384	-2.3513	6.1091	6.1100
1385	-2.4191	6.0492	6.0481
1386	-2.4868	5.9889	5.9901
1387	-2.5544	5.9282	5.9273
1388	-2.6218	5.8672	5.8680
1389	-2.6891	5.8059	5.8053
1390	-2.7563	5.7441	5.7445
1391	-2.8233	5.6821	5.6819
1392	-2.8902	5.6197	5.6196
1393	-2.9570	5.5569	5.5572
1394	-3.0236	5.4939	5.4934
1395	-3.0901	5.4305	5.4311
1396	-3.1564	5.3667	5.3659
1397	-3.2226	5.3027	5.3038
1398	-3.2886	5.2383	5.2372
1399	-3.3544	5.1736	5.1745
1400	-3.4201	5.1086	5.1079
1401	-3.4856	5.0433	5.0438
1402	-3.5510	4.9776	4.9773
1403	-3.6162	4.9117	4.9118
1404	-3.6812	4.8454	4.8455
1405	-3.7460	4.7789	4.7786
1406	-3.8106	4.7121	4.7126
1407	-3.8751	4.6449	4.6442
1408	-3.9393	4.5775	4.5785
1409	-4.0034	4.5099	4.5087
1410	-4.0673	4.4419	4.4429
1411	-4.1310	4.3736	4.3728
1412	-4.1944	4.3051	4.3057
1413	-4.2577	4.2363	4.2359
1414	-4.3208	4.1673	4.1674
1415	-4.3836	4.0979	4.0980
1416	-4.4463	4.0284	4.0281
1417	-4.5087	3.9586	3.9590
1418	-4.5709	3.8885	3.8878
1419	-4.6329	3.8182	3.8191
1420	-4.6946	3.7476	3.7465
1421	-4.7562	3.6768	3.6779
1422	-4.8175	3.6058	3.6050
1423	-4.8785	3.5345	3.5351
1424	-4.9393	3.4630	3.4627
1425	-4.9999	3.3913	3.3915
1426	-5.0603	3.3194	3.3195
1427	-5.1204	3.2473	3.2470
1428	-5.1802	3.1749	3.1755
1429	-5.2398	3.1024	3.1016
1430	-5.2991	3.0296	3.0306
1431	-5.3582	2.9567	2.9555
1432	-5.4170	2.8835	2.8845
1433	-5.4756	2.8102	2.8095
1434	-5.5338	2.7367	2.7372
1435	-5.5919	2.6630	2.6627
1436	-5.6496	2.5891	2.5891
1437	-5.7071	2.5150	2.5152
1438	-5.7643	2.4408	2.4404
1439	-5.8212	2.3664	2.3671
1440	-5.8778	2.2919	2.2910
1441	-5.9341	2.2172	2.2183
1442	-5.9902	2.1423	2.1413
1443	-6.0459	2.0673	2.0681
1444	-6.1014	1.9922	1.9917
1445	-6.1565	1.9169	1.9172
1446	-6.2114	1.8415	1.8414
1447	-6.2660	1.7660	1.7658
1448	-6.3202	1.6903	1.6907
1449	-6.3742	1.6145	1.6139
1450	-6.4278	1.5386	1.5395
1451	-6.4811	1.4626	1.4614
1452	-6.5341	1.3865	1.3875
1453	-6.5868	1.3102	1.3095
1454	-6.6392	1.2339	1.2344
1455	-6.6912	1.1575	1.1572
1456	-6.7430	1.0810	1.0810
1457	-6.7943	1.0044	1.0046
1458	-6.8454	0.9277	0.9272
1459	-6.8961	0.8510	0.8517
1460	-6.9465	0.7741	0.7732
1461	-6.9966	0.6972	0.6984
1462	-7.0463	0.6203	0.6193
1463	-7.0956	0.5432	0.5439
1464	-7.1447	0.4662	0.4658
1465	-7.1933	0.3891	0.3892
1466	-7.2417	0.3119	0.3120
1467	-7.2896	0.2347	0.2344
1468	-7.3372	0.1574	0.1580
1469	-7.3845	0.0802	0.0793
1470	-7.4314	0.0029	0.0040
1471	-7.4779	-0.0744	-0.0755
1472	-7.5241	-0.1518	-0.1510
1473	-7.5699	-0.2291	-0.2297
1474	-7.6153	-0.3065	-0.3062
1475	-7.6604	-0.3839	-0.3839
1476	-7.7051	-0.4612	-0.4615
1477	-7.7494	-0.5386	-0.5380
1478	-7.7933	-0.6159	-0.6167
1479	-7.8369	-0.6933	-0.6922
1480	-7.8801	-0.7706	-0.7717
1481	-7.9228	-0.8479	-0.8470
1482	-7.9652	-0.9251	-0.9257
1483	-8.0073	-1.0023	-1.0020
1484	-8.0489	-1.0795	-1.0795
1485	-8.0901	-1.1567	-1.1569
1486	-8.1310	-1.2338	-1.2332
1487	-8.1714	-1.3108	-1.3116
1488	-8.2114	-1.3878	-1.3867
1489	-8.2511	-1.4647	-1.4658
1490	-8.2903	-1.5416	-1.5408
1491	-8.3292	-1.6183	-1.6189
1492	-8.3676	-1.6950	-1.6948
1493	-8.4056	-1.7717	-1.7716
1494	-8.4432	-1.8482	-1.8485
1495	-8.4804	-1.9247	-1.9241
1496	-8.5172	-2.0010	-2.0019
1497	-8.5536	-2.0773	-2.0761
1498	-8.5896	-2.1534	-2.1544
1499	-8.6251	-2.2295	-2.2288
1500	-8.6602	-2.3054	-2.3058
1501	-8.6949	-2.3812	-2.3811
1502	-8.7292	-2.4569	-2.4568
1503	-8.7630	-2.5325	-2.5329
1504	-8.7964	-2.6079	-2.6072
1505	-8.8294	-2.6832	-2.6842
1506	-8.8620	-2.7583	-2.7572
1507	-8.8941	-2.8333	-2.8342
1508	-8.9258	-2.9082	-2.9076
1509	-8.9571	-2.9829	-2.9831
1510	-8.9879	-3.0574	-3.0574
1511	-9.0183	-3.1318	-3.1314
1512	-9.0482	-3.2060	-3.2066
1513	-9.0777	-3.2800	-3.2791
1514	-9.1068	-3.3538	-3.3550
1515	-9.1354	-3.4275	-3.4265
1516	-9.1636	-3.5009	-3.5016
1517	-9.1913	-3.5742	-3.5739
1518	-9.2186	-3.6473	-3.6473
1519	-9.2454	-3.7202	-3.7204
1520	-9.2718	-3.7928	-3.7923
1521	-9.2977	-3.8653	-3.8661
1522	-9.3232	-3.9375	-3.9364
1523	-9.3482	-4.0095	-4.0105
1524	-9.3728	-4.0813	-4.0806
1525	-9.3969	-4.1529	-4.1532
1526	-9.4205	-4.2242	-4.2241
1527	-9.4437	-4.2953	-4.2950
1528	-9.4665	-4.3661	-4.3666
1529	-9.4887	-4.4367	-4.4358
1530	-9.5105	-4.5070	-4.5082
1531	-9.5319	-4.5771	-4.5761
1532	-9.5528	-4.6469	-4.6475
1533	-9.5732	-4.7164	-4.7161
1534	-9.5931	-4.7857	-4.7857
1535	-9.6126	-4.8547	-4.8549
1536	-9.6316	-4.9234	-4.9228
1537	-9.6501	-4.9918	-4.9927
1538	-9.6682	-5.0600	-5.0588
1539	-9.6858	-5.1278	-5.1287
1540	-9.7029	-5.1953	-5.1947
1541	-9.7196	-5.2626	-5.2628
1542	-9.7358	-5.3295	-5.3295
1543	-9.7515	-5.3961	-5.3958
1544	-9.7667	-5.4624	-5.4631
1545	-9.7815	-5.5284	-5.5274
1546	-9.7957	-5.5941	-5.5952
1547	-9.8095	-5.6594	-5.6586
1548	-9.8229	-5.7243	-5.7248
1549	-9.8357	-5.7890	-5.7888
1550	-9.8481	-5.8533	-5.8531
1551	-9.8599	-5.9172	-5.9177
1552	-9.8713	-5.9809	-5.9800
1553	-9.8823	-6.0441	-6.0452
1554	-9.8927	-6.1070	-6.1060
1555	-9.9027	-6.1695	-6.1701
1556	-9.9121	-6.2316	-6.2313
1557	-9.9211	-6.2934	-6.2934
1558	-9.9296	-6.3548	-6.3552
1559	-9.9377	-6.4159	-6.4152
1560	-9.9452	-6.4765	-6.4775
1561	-9.9523	-6.5368	-6.5357
1562	-9.9588	-6.5966	-6.5973
1563	-9.9649	-6.6560	-6.6556
1564	-9.9705	-6.7151	-6.7152
1565	-9.9756	-6.7737	-6.7740
1566	-9.9803	-6.8320	-6.8314
1567	-9.9844	-6.8898	-6.8907
1568	-9.9881	-6.9472	-6.9460
1569	-9.9912	-7.0042	-7.0050
1570	-9.9939	-7.0607	-7.0602
1571	-9.9961	-7.1168	-7.1170
1572	-9.9978	-7.1725	-7.1727
1573	-9.9990	-7.2277	-7.2272
1574	-9.9998	-7.2826	-7.2834
1575	-10.0000	-7.3369	-7.3358
1576	-9.9998	-7.3908	-7.3917
1577	-9.9990	-7.4443	-7.4437
1578	-9.9978	-7.4973	-7.4975
1579	-9.9961	-7.5498	-7.5499
1580	-9.9939	-7.6019	-7.6014
1581	-9.9912	-7.6535	-7.6543
1582	-9.9881	-7.7046	-7.7034
1583	-9.9844	-7.7553	-7.7562
1584	-9.9803	-7.8054	-7.8049
1585	-9.9756	-7.8551	-7.8553
1586	-9.9705	-7.9043	-7.9045
1587	-9.9649	-7.9530	-7.9525
1588	-9.9589	-8.0013	-8.0021
1589	-9.9523	-8.0490	-8.0478
1590	-9.9452	-8.0962	-8.0970
1591	-9.9377	-8.1429	-8.1424
1592	-9.9297	-8.1891	-8.1892
1593	-9.9212	-8.2348	-8.2350
1594	-9.9122	-8.2800	-8.2794
1595	-9.9027	-8.3247	-8.3256
1596	-9.8927	-8.3688	-8.3677
1597	-9.8823	-8.4124	-8.4132
1598	-9.8714	-8.4555	-8.4551
1599	-9.8600	-8.4980	-8.4981
1600	-9.8481	-8.5400	-8.5403
1601	-9.8357	-8.5815	-8.5809
1602	-9.8229	-8.6225	-8.6235
1603	-9.8096	-8.6629	-8.6619
1604	-9.7958	-8.7027	-8.7034
1605	-9.7815	-8.7420	-8.7417
1606	-9.7667	-8.7807	-8.7807
1607	-9.7515	-8.8189	-8.8194
1608	-9.7358	-8.8566	-8.8558
1609	-9.7196	-8.8937	-8.8949
1610	-9.7030	-8.9302	-8.9293
1611	-9.6859	-8.9661	-8.9666
1612	-9.6683	-9.0014	-9.0013
1613	-9.6502	-9.0362	-9.0360
1614	-9.6317	-9.0705	-9.0711
1615	-9.6126	-9.1041	-9.1031
1616	-9.5932	-9.1372	-9.1382
1617	-9.5732	-9.1696	-9.1689
1618	-9.5528	-9.2015	-9.2018
1619	-9.5319	-9.2328	-9.2329
1620	-9.5106	-9.2635	-9.2630
1621	-9.4888	-9.2936	-9.2944
1622	-9.4665	-9.3232	-9.3219
1623	-9.4438	-9.3520	-9.3529
1624	-9.4206	-9.3803	-9.3799
1625	-9.3970	-9.4080	-9.4081
1626	-9.3729	-9.4351	-9.4354
1627	-9.3483	-9.4616	-9.4609
1628	-9.3233	-9.4875	-9.4886
1629	-9.2978	-9.5128	-9.5118
1630	-9.2719	-9.5374	-9.5380
1631	-9.2455	-9.5614	-9.5612
1632	-9.2187	-9.5848	-9.5846
1633	-9.1914	-9.6076	-9.6082
1634	-9.1637	-9.6298	-9.6288
1635	-9.1355	-9.6514	-9.6524
1636	-9.1069	-9.6722	-9.6716
1637	-9.0778	-9.6925	-9.6928
1638	-9.0483	-9.7121	-9.7123
1639	-9.0184	-9.7312	-9.7306
1640	-8.9880	-9.7496	-9.7505
1641	-8.9572	-9.7673	-9.7662
1642	-8.9259	-9.7844	-9.7851
1643	-8.8942	-9.8008	-9.8005
1644	-8.8621	-9.8166	-9.8166
1645	-8.8295	-9.8318	-9.8323
1646	-8.7965	-9.8464	-9.8455
1647	-8.7631	-9.8603	-9.8614
1648	-8.7293	-9.8735	-9.8727
1649	-8.6950	-9.8860	-9.8864
1650	-8.6603	-9.8980	-9.8980
1651	-8.6252	-9.9092	-9.9088
1652	-8.5896	-9.9199	-9.9208
1653	-8.5537	-9.9299	-9.9287
1654	-8.5173	-9.9391	-9.9399
1655	-8.4805	-9.9478	-9.9474
1656	-8.4433	-9.9558	-9.9557
1657	-8.4057	-9.9631	-9.9636
1658	-8.3677	-9.9698	-9.9689
1659	-8.3293	-9.9758	-9.9769
1660	-8.2904	-9.9811	-9.9804
1661	-8.2512	-9.9858	-9.9861
1662	-8.2115	-9.9898	-9.9899
1663	-8.1715	-9.9932	-9.9926
1664	-8.1311	-9.9959	-9.9968
1665	-8.0902	-9.9979	-9.9968
1666	-8.0490	-9.9992	-9.9998
1667	-8.0074	-9.9999	-9.9996
1668	-7.9654	-9.9999	-9.9997
1669	-7.9230	-9.9992	-9.9998
1670	-7.8802	-9.9979	-9.9969
1671	-7.8370	-9.9959	-9.9969
1672	-7.7934	-9.9932	-9.9926
1673	-7.7495	-9.9898	-9.9899
1674	-7.7052	-9.9858	-9.9861
1675	-7.6605	-9.9811	-9.9804
1676	-7.6155	-9.9758	-9.9769
1677	-7.5700	-9.9697	-9.9688
1678	-7.5242	-9.9630	-9.9634
1679	-7.4781	-9.9556	-9.9556
1680	-7.4315	-9.9475	-9.9471
1681	-7.3846	-9.9388	-9.9396
1682	-7.3374	-9.9294	-9.9283
1683	-7.2898	-9.9193	-9.9200
1684	-7.2418	-9.9085	-9.9082
1685	-7.1935	-9.8970	-9.8969
1686	-7.1448	-9.8849	-9.8855
1687	-7.0958	-9.8722	-9.8712
1688	-7.0464	-9.8587	-9.8597
1689	-6.9967	-9.8446	-9.8440
1690	-6.9467	-9.8298	-9.8298
1691	-6.8963	-9.8143	-9.8146
1692	-6.8455	-9.7982	-9.7974
1693	-6.7945	-9.7814	-9.7826
1694	-6.7431	-9.7638	-9.7631
1695	-6.6914	-9.7457	-9.7460
1696	-6.6393	-9.7268	-9.7270
1697	-6.5870	-9.7074	-9.7068
1698	-6.5343	-9.6872	-9.6882
1699	-6.4813	-9.6664	-9.6654
1700	-6.4280	-9.6448	-9.6454
1701	-6.3743	-9.6227	-9.6226
1702	-6.3204	-9.5999	-9.5995
1703	-6.2661	-9.5764	-9.5772
1704	-6.2116	-9.5522	-9.5511
1705	-6.1567	-9.5274	-9.5281
1706	-6.1015	-9.5019	-9.5017
1707	-6.0461	-9.4758	-9.4756
1708	-5.9903	-9.4490	-9.4496
1709	-5.9343	-9.4216	-9.4205
1710	-5.8779	-9.3934	-9.3943
1711	-5.8213	-9.3647	-9.3643
1712	-5.7644	-9.3352	-9.3352
1713	-5.7072	-9.3052	-9.3057
1714	-5.6498	-9.2745	-9.2735
1715	-5.5920	-9.2431	-9.2441
1716	-5.5340	-9.2111	-9.2105
1717	-5.4757	-9.1784	-9.1785
1718	-5.4172	-9.1451	-9.1455
1719	-5.3584	-9.1112	-9.1104
1720	-5.2993	-9.0766	-9.0778
1721	-5.2399	-9.0414	-9.0407
1722	-5.1804	-9.0055	-9.0057
1723	-5.1205	-8.9690	-8.9693
1724	-5.0604	-8.9319	-8.9312
1725	-5.0001	-8.8942	-8.8954
1726	-4.9395	-8.8558	-8.8550
1727	-4.8787	-8.8168	-8.8170
1728	-4.8176	-8.7771	-8.7773
1729	-4.7563	-8.7369	-8.7362
1730	-4.6948	-8.6960	-8.6972
1731	-4.6331	-8.6545	-8.6537
1732	-4.5711	-8.6124	-8.6127
1733	-4.5089	-8.5697	-8.5698
1734	-4.4464	-8.5264	-8.5258
1735	-4.3838	-8.4825	-8.4835
1736	-4.3210	-8.4379	-8.4370
1737	-4.2579	-8.3927	-8.3931
1738	-4.1946	-8.3470	-8.3471
1739	-4.1311	-8.3006	-8.3001
1740	-4.0675	-8.2537	-8.2548
1741	-4.0036	-8.2062	-8.2053
1742	-3.9395	-8.1581	-8.1585
1743	-3.8753	-8.1093	-8.1094
1744	-3.8108	-8.0601	-8.0595
1745	-3.7462	-8.0102	-8.0113
1746	-3.6813	-7.9598	-7.9589
1747	-3.6163	-7.9087	-7.9091
1748	-3.5512	-7.8571	-7.8572
1749	-3.4858	-7.8050	-7.8044
1750	-3.4203	-7.7523	-7.7533
1751	-3.3546	-7.6990	-7.6981
1752	-3.2888	-7.6451	-7.6455
1753	-3.2228	-7.5907	-7.5908
1754	-3.1566	-7.5357	-7.5351
1755	-3.0903	-7.4803	-7.4814
1756	-3.0238	-7.4242	-7.4234
1757	-2.9572	-7.3676	-7.3679
1758	-2.8904	-7.3105	-7.3106
1759	-2.8235	-7.2528	-7.2522
1760	-2.7565	-7.1946	-7.1958
1761	-2.6893	-7.1359	-7.1351
1762	-2.6220	-7.0766	-7.0769
1763	-2.5546	-7.0169	-7.0171
1764	-2.4870	-6.9566	-6.9559
1765	-2.4193	-6.8958	-6.8970
1766	-2.3515	-6.8345	-6.8338
1767	-2.2836	-6.7727	-6.7729
1768	-2.2156	-6.7104	-6.7107
1769	-2.1475	-6.6476	-6.6467
1770	-2.0792	-6.5843	-6.5854
1771	-2.0109	-6.5205	-6.5199
1772	-1.9424	-6.4562	-6.4563
1773	-1.8739	-6.3914	-6.3919
1774	-1.8053	-6.3262	-6.3253
1775	-1.7366	-6.2605	-6.2615
1776	-1.6678	-6.1943	-6.1939
1777	-1.5989	-6.1277	-6.1276
1778	-1.5300	-6.0606	-6.0612
1779	-1.4609	-5.9931	-5.9920
1780	-1.3918	-5.9251	-5.9259
1781	-1.3227	-5.8566	-5.8563
1782	-1.2534	-5.7877	-5.7875
1783	-1.1841	-5.7184	-5.7192
1784	-1.1148	-5.6487	-5.6475
1785	-1.0454	-5.5785	-5.5791
1786	-0.9759	-5.5079	-5.5077
1787	-0.9064	-5.4369	-5.4365
1788	-0.8369	-5.3654	-5.3663
1789	-0.7673	-5.2936	-5.2926
1790	-0.6977	-5.2213	-5.2218
1791	-0.6280	-5.1487	-5.1487
1792	-0.5583	-5.0756	-5.0750
1793	-0.4886	-5.0022	-5.0034
1794	-0.4189	-4.9284	-4.9276
1795	-0.3491	-4.8542	-4.8544
1796	-0.2793	-4.7796	-4.7799
1797	-0.2095	-4.7047	-4.7039
1798	-0.1397	-4.6294	-4.6305
1799	-0.0699	-4.5537	-4.5532
1800	-0.0001	-4.4777	-4.4777
1801	0.0697	-4.4013	-4.4019
1802	0.1395	-4.3247	-4.3236
1803	0.2093	-4.2476	-4.2484
1804	0.2791	-4.1702	-4.1699
1805	0.3489	-4.0925	-4.0922
1806	0.4186	-4.0145	-4.0153
1807	0.4884	-3.9362	-3.9351
1808	0.5581	-3.8575	-3.8580
1809	0.6278	-3.7785	-3.7785
1810	0.6975	-3.6993	-3.6987
1811	0.7671	-3.6197	-3.6208
1812	0.8367	-3.5399	-3.5391
1813	0.9062	-3.4597	-3.4600
1814	0.9757	-3.3793	-3.3796
1815	1.0452	-3.2987	-3.2978
1816	1.1146	-3.2177	-3.2187
1817	1.1839	-3.1365	-3.1360
1818	1.2532	-3.0550	-3.0549
1819	1.3225	-2.9733	-2.9739
1820	1.3916	-2.8914	-2.8902
1821	1.4607	-2.8092	-2.8099
1822	1.5298	-2.7267	-2.7266
1823	1.5987	-2.6441	-2.6437
1824	1.6676	-2.5612	-2.5622
1825	1.7364	-2.4781	-2.4772
1826	1.8051	-2.3948	-2.3952
1827	1.8737	-2.3113	-2.3116
1828	1.9422	-2.2277	-2.2269
1829	2.0107	-2.1438	-2.1448
1830	2.0790	-2.0597	-2.0592
1831	2.1472	-1.9754	-1.9754
1832	2.2154	-1.8910	-1.8916
1833	2.2834	-1.8064	-1.8053
1834	2.3513	-1.7217	-1.7224
1835	2.4191	-1.6368	-1.6367
1836	2.4868	-1.5517	-1.5513
1837	2.5543	-1.4666	-1.4676
1838	2.6218	-1.3812	-1.3804
1839	2.6891	-1.2958	-1.2960
1840	2.7563	-1.2102	-1.2105
1841	2.8233	-1.1245	-1.1236
1842	2.8902	-1.0387	-1.0397
1843	2.9570	-0.9528	-0.9524
1844	3.0236	-0.8668	-0.8666
1845	3.0901	-0.7807	-0.7814
1846	3.1564	-0.6945	-0.6934
1847	3.2226	-0.6082	-0.6088
1848	3.2886	-0.5219	-0.5220
1849	3.3544	-0.4355	-0.4349
1850	3.4201	-0.3490	-0.3503
1851	3.4856	-0.2625	-0.2619
1852	3.5510	-0.1760	-0.1760
1853	3.6161	-0.0894	-0.0899
1854	3.6811	-0.0027	-0.0016
1855	3.7460	0.0839	0.0832
1856	3.8106	0.1706	0.1707
1857	3.8751	0.2573	0.2577
1858	3.9393	0.3440	0.3430
1859	4.0034	0.4307	0.4315
1860	4.0673	0.5174	0.5172
1861	4.1309	0.6041	0.6037
1862	4.1944	0.6908	0.6917
1863	4.2577	0.7774	0.7766
1864	4.3208	0.8640	0.8643
1865	4.3836	0.9506	0.9509
1866	4.4463	1.0371	1.0362
1867	4.5087	1.1236	1.1245
1868	4.5709	1.2100	1.2097
1869	4.6329	1.2964	1.2961
1870	4.6946	1.3827	1.3836
1871	4.7561	1.4689	1.4680
1872	4.8174	1.5550	1.5553
1873	4.8785	1.6410	1.6413
1874	4.9393	1.7270	1.7261
1875	4.9999	1.8128	1.8137
1876	5.0602	1.8985	1.8982
1877	5.1203	1.9841	1.9838
1878	5.1802	2.0696	2.0705
1879	5.2398	2.1549	2.1540
1880	5.2991	2.2401	2.2405
1881	5.3582	2.3252	2.3255
1882	5.4170	2.4101	2.4092
1883	5.4755	2.4949	2.4958
1884	5.5338	2.5795	2.5792
1885	5.5918	2.6639	2.6636
1886	5.6496	2.7481	2.7491
1887	5.7070	2.8322	2.8313
1888	5.7642	2.9161	2.9163
1889	5.8211	2.9997	3.0001
1890	5.8778	3.0832	3.0822
1891	5.9341	3.1665	3.1673
1892	5.9901	3.2495	3.2493
1893	6.0459	3.3323	3.3319
1894	6.1014	3.4149	3.4159
1895	6.1565	3.4972	3.4965
1896	6.2114	3.5793	3.5795
1897	6.2659	3.6612	3.6617
1898	6.3202	3.7428	3.7417
1899	6.3741	3.8241	3.8248
1900	6.4278	3.9052	3.9051
1901	6.4811	3.9860	3.9854
1902	6.5341	4.0665	4.0677
1903	6.5868	4.1467	4.1461
1904	6.6392	4.2266	4.2266
1905	6.6912	4.3063	4.3069
1906	6.7429	4.3856	4.3845
1907	6.7943	4.4646	4.4651
1908	6.8454	4.5432	4.5434
1909	6.8961	4.6216	4.6208
1910	6.9465	4.6996	4.7006
1911	6.9965	4.7773	4.7769
1912	7.0463	4.8546	4.8543
1913	7.0956	4.9316	4.9325
1914	7.1446	5.0082	5.0073
1915	7.1933	5.0844	5.0847
1916	7.2416	5.1603	5.1607
1917	7.2896	5.2358	5.2348
1918	7.3372	5.3109	5.3116
1919	7.3845	5.3856	5.3855
1920	7.4314	5.4599	5.4594
1921	7.4779	5.5339	5.5351
1922	7.5241	5.6074	5.6068
1923	7.5699	5.6804	5.6803
1924	7.6153	5.7531	5.7539
1925	7.6604	5.8254	5.8243
1926	7.7051	5.8971	5.8975
1927	7.7494	5.9685	5.9688
1928	7.7933	6.0394	6.0385
1929	7.8369	6.1099	6.1107
1930	7.8800	6.1799	6.1797
1931	7.9228	6.2494	6.2490
1932	7.9652	6.3185	6.3197
1933	8.0072	6.3871	6.3865
1934	8.0489	6.4552	6.4552
1935	8.0901	6.5228	6.5235
1936	8.1309	6.5900	6.5889
1937	8.1714	6.6566	6.6570
1938	8.2114	6.7227	6.7230
1939	8.2511	6.7884	6.7874
1940	8.2903	6.8534	6.8543
1941	8.3291	6.9180	6.9178
1942	8.3676	6.9821	6.9815
1943	8.4056	7.0456	7.0468
1944	8.4432	7.1085	7.1080
1945	8.4804	7.1710	7.1709
1946	8.5172	7.2329	7.2336
1947	8.5536	7.2942	7.2932
1948	8.5895	7.3549	7.3552
1949	8.6251	7.4151	7.4155
1950	8.6602	7.4748	7.4737
1951	8.6949	7.5338	7.5345
1952	8.7292	7.5922	7.5922
1953	8.7630	7.6501	7.6495
1954	8.7964	7.7074	7.7085
1955	8.8294	7.7641	7.7637
1956	8.8620	7.8202	7.8199
1957	8.8941	7.8757	7.8766
1958	8.9258	7.9305	7.9297
1959	8.9571	7.9847	7.9848
1960	8.9879	8.0383	8.0389
1961	9.0183	8.0914	8.0902
1962	9.0482	8.1437	8.1441
1963	9.0777	8.1954	8.1956
1964	9.1068	8.2465	8.2456
1965	9.1354	8.2969	8.2977
1966	9.1636	8.3467	8.3466
1967	9.1913	8.3958	8.3952
1968	9.2186	8.4443	8.4454
1969	9.2454	8.4920	8.4916
1970	9.2718	8.5391	8.5389
1971	9.2977	8.5856	8.5866
1972	9.3232	8.6314	8.6306
1973	9.3482	8.6764	8.6765
1974	9.3728	8.7208	8.7215
1975	9.3969	8.7646	8.7635
1976	9.4205	8.8075	8.8079
1977	9.4437	8.8498	8.8501
1978	9.4665	8.8915	8.8905
1979	9.4887	8.9323	8.9330
1980	9.5105	8.9725	8.9725
1981	9.5319	9.0120	9.0113
1982	9.5527	9.0507	9.0517
1983	9.5732	9.0887	9.0884
1984	9.5931	9.1260	9.1256
1985	9.6126	9.1626	9.1637
1986	9.6316	9.1984	9.1978
1987	9.6501	9.2334	9.2333
1988	9.6682	9.2678	9.2686
1989	9.6858	9.3014	9.3005
1990	9.7029	9.3342	9.3343
1991	9.7196	9.3663	9.3669
1992	9.7358	9.3977	9.3965
1993	9.7515	9.4282	9.4286
1994	9.7667	9.4580	9.4583
1995	9.7815	9.4870	9.4860
1996	9.7957	9.5153	9.5160
1997	9.8095	9.5428	9.5428
1998	9.8228	9.5695	9.5687
1999	9.8357	9.5955	9.5964
2000	9.8481	9.6206	9.6204
2001	9.8599	9.6450	9.6444
2002	9.8713	9.6686	9.6697
2003	9.8823	9.6913	9.6909
2004	9.8927	9.7133	9.7130
2005	9.9027	9.7346	9.7356
2006	9.9121	9.7550	9.7543
2007	9.9211	9.7745	9.7745
2008	9.9296	9.7934	9.7942
2009	9.9377	9.8114	9.8105
2010	9.9452	9.8285	9.8287
2011	9.9523	9.8449	9.8455
2012	9.9588	9.8605	9.8595
2013	9.9649	9.8753	9.8756
2014	9.9705	9.8892	9.8896
2015	9.9756	9.9024	9.9012
2016	9.9803	9.9146	9.9152
2017	9.9844	9.9261	9.9263
2018	9.9881	9.9368	9.9359
2019	9.9912	9.9466	9.9473
2020	9.9939	9.9556	9.9556
2021	9.9961	9.9638	9.9630
2022	9.9978	9.9712	9.9721
2023	9.9990	9.9777	9.9775
2024	9.9998	9.9834	9.9828
2025	10.0000	9.9882	9.9893
2026	9.9998	9.9922	9.9919
2027	9.9990	9.9954	9.9950
2028	9.9978	9.9978	9.9990
2029	9.9961	9.9992	9.9988
2030	9.9939	9.9999	9.9996
2031	9.9912	9.9998	10.0008
2032	9.9881	9.9987	9.9981
2033	9.9844	9.9969	9.9967
2034	9.9803	9.9942	9.9951
2035	9.9756	9.9906	9.9899
2036	9.9705	9.9862	9.9862
2037	9.9649	9.9810	9.9818
2038	9.9589	9.9750	9.9741
2039	9.9523	9.9680	9.9681
2040	9.9452	9.9603	9.9609
2041	9.9377	9.9517	9.9507
2042	9.9297	9.9422	9.9424
2043	9.9212	9.9319	9.9324
2044	9.9122	9.9208	9.9197
2045	9.9027	9.9088	9.9091
2046	9.8927	9.8959	9.8964
2047	9.8823	9.8823	9.8811
