0	0.0000	0.0000
1	0.0698	0.0524
2	0.1396	0.1048
3	0.2094	0.1573
4	0.2792	0.2097
5	0.3490	0.2622
6	0.4188	0.3146
7	0.4885	0.3671
8	0.5582	0.4196
9	0.6279	0.4720
10	0.6976	0.5245
11	0.7672	0.5770
12	0.8368	0.6295
13	0.9063	0.6820
14	0.9758	0.7345
15	1.0453	0.7869
16	1.1147	0.8394
17	1.1840	0.8919
18	1.2533	0.9443
19	1.3226	0.9968
20	1.3917	1.0492
21	1.4608	1.1016
22	1.5299	1.1540
23	1.5988	1.2064
24	1.6677	1.2587
25	1.7365	1.3111
26	1.8052	1.3634
27	1.8738	1.4157
28	1.9423	1.4680
29	2.0108	1.5203
30	2.0791	1.5725
31	2.1474	1.6247
32	2.2155	1.6768
33	2.2835	1.7290
34	2.3514	1.7811
35	2.4192	1.8331
36	2.4869	1.8852
37	2.5545	1.9372
38	2.6219	1.9891
39	2.6892	2.0410
40	2.7564	2.0929
41	2.8234	2.1448
42	2.8903	2.1965
43	2.9571	2.2483
44	3.0237	2.3000
45	3.0902	2.3516
46	3.1565	2.4032
47	3.2227	2.4547
48	3.2887	2.5062
49	3.3545	2.5576
50	3.4202	2.6090
51	3.4857	2.6603
52	3.5511	2.7116
53	3.6162	2.7628
54	3.6812	2.8139
55	3.7461	2.8649
56	3.8107	2.9159
57	3.8752	2.9669
58	3.9394	3.0177
59	4.0035	3.0685
60	4.0674	3.1192
61	4.1310	3.1699
62	4.1945	3.2204
63	4.2578	3.2709
64	4.3209	3.3213
65	4.3837	3.3717
66	4.4463	3.4219
67	4.5088	3.4721
68	4.5710	3.5221
69	4.6330	3.5721
70	4.6947	3.6221
71	4.7562	3.6719
72	4.8175	3.7216
73	4.8786	3.7712
74	4.9394	3.8208
75	5.0000	3.8702
76	5.0603	3.9196
77	5.1204	3.9688
78	5.1803	4.0180
79	5.2399	4.0670
80	5.2992	4.1159
81	5.3583	4.1648
82	5.4171	4.2135
83	5.4756	4.2622
84	5.5339	4.3107
85	5.5919	4.3591
86	5.6497	4.4074
87	5.7071	4.4556
88	5.7643	4.5036
89	5.8212	4.5516
90	5.8778	4.5994
91	5.9342	4.6471
92	5.9902	4.6948
93	6.0460	4.7422
94	6.1014	4.7895
95	6.1566	4.8368
96	6.2115	4.8839
97	6.2660	4.9308
98	6.3203	4.9777
99	6.3742	5.0244
100	6.4279	5.0710
101	6.4812	5.1174
102	6.5342	5.1637
103	6.5869	5.2099
104	6.6393	5.2559
105	6.6913	5.3018
106	6.7430	5.3475
107	6.7944	5.3931
108	6.8455	5.4386
109	6.8962	5.4839
110	6.9466	5.5291
111	6.9966	5.5741
112	7.0463	5.6189
113	7.0957	5.6637
114	7.1447	5.7082
115	7.1934	5.7526
116	7.2417	5.7969
117	7.2897	5.8410
118	7.3373	5.8849
119	7.3845	5.9287
120	7.4314	5.9723
121	7.4780	6.0157
122	7.5241	6.0590
123	7.5699	6.1021
124	7.6154	6.1451
125	7.6604	6.1878
126	7.7051	6.2304
127	7.7494	6.2729
128	7.7934	6.3151
129	7.8369	6.3572
130	7.8801	6.3991
131	7.9229	6.4409
132	7.9653	6.4824
133	8.0073	6.5238
134	8.0489	6.5650
135	8.0902	6.6060
136	8.1310	6.6468
137	8.1714	6.6875
138	8.2115	6.7279
139	8.2511	6.7681
140	8.2904	6.8082
141	8.3292	6.8481
142	8.3676	6.8878
143	8.4057	6.9273
144	8.4433	6.9666
145	8.4805	7.0057
146	8.5173	7.0446
147	8.5536	7.0833
148	8.5896	7.1218
149	8.6251	7.1601
150	8.6602	7.1982
151	8.6949	7.2361
152	8.7292	7.2737
153	8.7631	7.3112
154	8.7965	7.3485
155	8.8295	7.3856
156	8.8620	7.4224
157	8.8942	7.4590
158	8.9259	7.4954
159	8.9571	7.5316
160	8.9879	7.5676
161	9.0183	7.6034
162	9.0483	7.6389
163	9.0778	7.6742
164	9.1068	7.7094
165	9.1355	7.7443
166	9.1636	7.7789
167	9.1913	7.8133
168	9.2186	7.8475
169	9.2455	7.8815
170	9.2718	7.9153
171	9.2978	7.9488
172	9.3232	7.9821
173	9.3483	8.0151
174	9.3728	8.0480
175	9.3969	8.0805
176	9.4206	8.1129
177	9.4438	8.1450
178	9.4665	8.1769
179	9.4888	8.2085
180	9.5106	8.2399
181	9.5319	8.2710
182	9.5528	8.3019
183	9.5732	8.3326
184	9.5931	8.3630
185	9.6126	8.3932
186	9.6316	8.4231
187	9.6502	8.4528
188	9.6682	8.4822
189	9.6858	8.5114
190	9.7030	8.5403
191	9.7196	8.5689
192	9.7358	8.5974
193	9.7515	8.6256
194	9.7667	8.6534
195	9.7815	8.6810
196	9.7957	8.7084
197	9.8095	8.7356
198	9.8229	8.7624
199	9.8357	8.7890
200	9.8481	8.8153
201	9.8600	8.8414
202	9.8714	8.8672
203	9.8823	8.8928
204	9.8927	8.9180
205	9.9027	8.9430
206	9.9122	8.9677
207	9.9211	8.9922
208	9.9297	9.0164
209	9.9377	9.0403
210	9.9452	9.0639
211	9.9523	9.0873
212	9.9588	9.1104
213	9.9649	9.1333
214	9.9705	9.1558
215	9.9756	9.1780
216	9.9803	9.2000
217	9.9844	9.2218
218	9.9881	9.2432
219	9.9912	9.2643
220	9.9939	9.2851
221	9.9961	9.3057
222	9.9978	9.3261
223	9.9990	9.3461
224	9.9998	9.3658
225	10.0000	9.3852
226	9.9998	9.4043
227	9.9990	9.4232
228	9.9978	9.4418
229	9.9961	9.4600
230	9.9939	9.4780
231	9.9912	9.4957
232	9.9881	9.5131
233	9.9844	9.5303
234	9.9803	9.5470
235	9.9756	9.5636
236	9.9705	9.5798
237	9.9649	9.5957
238	9.9588	9.6114
239	9.9523	9.6267
240	9.9452	9.6417
241	9.9377	9.6564
242	9.9297	9.6709
243	9.9211	9.6850
244	9.9122	9.6988
245	9.9027	9.7124
246	9.8927	9.7256
247	9.8823	9.7385
248	9.8714	9.7512
249	9.8600	9.7634
250	9.8481	9.7754
251	9.8357	9.7871
252	9.8229	9.7986
253	9.8096	9.8097
254	9.7958	9.8204
255	9.7815	9.8309
256	9.7667	9.8410
257	9.7515	9.8509
258	9.7358	9.8605
259	9.7196	9.8697
260	9.7030	9.8786
261	9.6858	9.8872
262	9.6682	9.8955
263	9.6502	9.9035
264	9.6316	9.9112
265	9.6126	9.9185
266	9.5931	9.9255
267	9.5732	9.9322
268	9.5528	9.9387
269	9.5319	9.9448
270	9.5106	9.9505
271	9.4888	9.9560
272	9.4665	9.9611
273	9.4438	9.9660
274	9.4206	9.9705
275	9.3969	9.9746
276	9.3728	9.9785
277	9.3483	9.9820
278	9.3232	9.9853
279	9.2978	9.9882
280	9.2718	9.9908
281	9.2455	9.9930
282	9.2186	9.9950
283	9.1914	9.9966
284	9.1636	9.9979
285	9.1355	9.9989
286	9.1068	9.9996
287	9.0778	9.9999
288	9.0483	9.9999
289	9.0183	9.9996
290	8.9879	9.9990
291	8.9571	9.9980
292	8.9259	9.9967
293	8.8942	9.9951
294	8.8620	9.9932
295	8.8295	9.9910
296	8.7965	9.9884
297	8.7631	9.9855
298	8.7292	9.9822
299	8.6950	9.9787
300	8.6603	9.9748
301	8.6251	9.9707
302	8.5896	9.9661
303	8.5537	9.9612
304	8.5173	9.9561
305	8.4805	9.9506
306	8.4433	9.9448
307	8.4057	9.9386
308	8.3677	9.9321
309	8.3292	9.9253
310	8.2904	9.9181
311	8.2511	9.9107
312	8.2115	9.9029
313	8.1715	9.8948
314	8.1310	9.8863
315	8.0902	9.8776
316	8.0489	9.8685
317	8.0073	9.8591
318	7.9653	9.8494
319	7.9229	9.8393
320	7.8801	9.8289
321	7.8369	9.8181
322	7.7934	9.8071
323	7.7495	9.7958
324	7.7051	9.7840
325	7.6605	9.7720
326	7.6154	9.7596
327	7.5700	9.7470
328	7.5242	9.7340
329	7.4780	9.7207
330	7.4315	9.7070
331	7.3846	9.6930
332	7.3373	9.6787
333	7.2897	9.6641
334	7.2417	9.6492
335	7.1934	9.6339
336	7.1447	9.6183
337	7.0957	9.6024
338	7.0464	9.5862
339	6.9966	9.5696
340	6.9466	9.5528
341	6.8962	9.5355
342	6.8455	9.5180
343	6.7944	9.5002
344	6.7430	9.4820
345	6.6913	9.4635
346	6.6393	9.4448
347	6.5869	9.4256
348	6.5342	9.4061
349	6.4812	9.3864
350	6.4279	9.3663
351	6.3743	9.3459
352	6.3203	9.3252
353	6.2661	9.3042
354	6.2115	9.2828
355	6.1566	9.2611
356	6.1015	9.2392
357	6.0460	9.2169
358	5.9903	9.1943
359	5.9342	9.1713
360	5.8779	9.1481
361	5.8212	9.1245
362	5.7643	9.1007
363	5.7072	9.0765
364	5.6497	9.0520
365	5.5919	9.0272
366	5.5339	9.0021
367	5.4757	8.9766
368	5.4171	8.9509
369	5.3583	8.9249
370	5.2992	8.8986
371	5.2399	8.8719
372	5.1803	8.8449
373	5.1204	8.8176
374	5.0604	8.7901
375	5.0000	8.7622
376	4.9394	8.7340
377	4.8786	8.7055
378	4.8176	8.6768
379	4.7563	8.6477
380	4.6947	8.6183
381	4.6330	8.5886
382	4.5710	8.5586
383	4.5088	8.5283
384	4.4464	8.4977
385	4.3837	8.4669
386	4.3209	8.4357
387	4.2578	8.4043
388	4.1945	8.3725
389	4.1311	8.3404
390	4.0674	8.3081
391	4.0035	8.2754
392	3.9394	8.2425
393	3.8752	8.2093
394	3.8107	8.1758
395	3.7461	8.1420
396	3.6813	8.1079
397	3.6163	8.0735
398	3.5511	8.0388
399	3.4857	8.0039
400	3.4202	7.9687
401	3.3545	7.9332
402	3.2887	7.8974
403	3.2227	7.8613
404	3.1565	7.8250
405	3.0902	7.7884
406	3.0237	7.7515
407	2.9571	7.7143
408	2.8903	7.6768
409	2.8234	7.6391
410	2.7564	7.6011
411	2.6892	7.5628
412	2.6219	7.5243
413	2.5545	7.4854
414	2.4869	7.4463
415	2.4192	7.4070
416	2.3514	7.3674
417	2.2835	7.3275
418	2.2155	7.2874
419	2.1474	7.2470
420	2.0791	7.2063
421	2.0108	7.1654
422	1.9424	7.1242
423	1.8738	7.0827
424	1.8052	7.0411
425	1.7365	6.9991
426	1.6677	6.9569
427	1.5988	6.9144
428	1.5299	6.8717
429	1.4609	6.8287
430	1.3918	6.7855
431	1.3226	6.7421
432	1.2534	6.6984
433	1.1841	6.6544
434	1.1147	6.6102
435	1.0453	6.5658
436	0.9759	6.5211
437	0.9064	6.4762
438	0.8368	6.4311
439	0.7672	6.3856
440	0.6976	6.3400
441	0.6279	6.2942
442	0.5582	6.2481
443	0.4885	6.2018
444	0.4188	6.1552
445	0.3490	6.1084
446	0.2792	6.0614
447	0.2095	6.0142
448	0.1396	5.9667
449	0.0698	5.9191
450	0.0000	5.8712
451	-0.0698	5.8231
452	-0.1396	5.7747
453	-0.2094	5.7262
454	-0.2792	5.6774
455	-0.3490	5.6284
456	-0.4187	5.5793
457	-0.4885	5.5299
458	-0.5582	5.4803
459	-0.6279	5.4305
460	-0.6975	5.3804
461	-0.7672	5.3302
462	-0.8368	5.2798
463	-0.9063	5.2292
464	-0.9758	5.1784
465	-1.0453	5.1274
466	-1.1147	5.0761
467	-1.1840	5.0247
468	-1.2533	4.9732
469	-1.3225	4.9214
470	-1.3917	4.8694
471	-1.4608	4.8173
472	-1.5298	4.7649
473	-1.5988	4.7124
474	-1.6677	4.6597
475	-1.7365	4.6068
476	-1.8052	4.5537
477	-1.8738	4.5005
478	-1.9423	4.4471
479	-2.0108	4.3935
480	-2.0791	4.3397
481	-2.1473	4.2858
482	-2.2155	4.2317
483	-2.2835	4.1775
484	-2.3514	4.1231
485	-2.4192	4.0685
486	-2.4869	4.0138
487	-2.5544	3.9588
488	-2.6219	3.9038
489	-2.6892	3.8486
490	-2.7563	3.7932
491	-2.8234	3.7377
492	-2.8903	3.6821
493	-2.9571	3.6263
494	-3.0237	3.5703
495	-3.0901	3.5142
496	-3.1565	3.4580
497	-3.2226	3.4016
498	-3.2886	3.3451
499	-3.3545	3.2885
500	-3.4202	3.2317
501	-3.4857	3.1748
502	-3.5510	3.1177
503	-3.6162	3.0606
504	-3.6812	3.0033
505	-3.7460	2.9459
506	-3.8107	2.8883
507	-3.8751	2.8307
508	-3.9394	2.7729
509	-4.0035	2.7150
510	-4.0673	2.6570
511	-4.1310	2.5989
512	-4.1945	2.5407
513	-4.2578	2.4824
514	-4.3208	2.4239
515	-4.3837	2.3654
516	-4.4463	2.3067
517	-4.5087	2.2480
518	-4.5710	2.1892
519	-4.6329	2.1303
520	-4.6947	2.0712
521	-4.7562	2.0121
522	-4.8175	1.9529
523	-4.8786	1.8936
524	-4.9394	1.8343
525	-5.0000	1.7748
526	-5.0603	1.7153
527	-5.1204	1.6557
528	-5.1802	1.5960
529	-5.2398	1.5363
530	-5.2992	1.4764
531	-5.3582	1.4165
532	-5.4171	1.3566
533	-5.4756	1.2965
534	-5.5339	1.2364
535	-5.5919	1.1763
536	-5.6496	1.1161
537	-5.7071	1.0558
538	-5.7643	0.9955
539	-5.8212	0.9351
540	-5.8778	0.8747
541	-5.9342	0.8142
542	-5.9902	0.7537
543	-6.0460	0.6931
544	-6.1014	0.6325
545	-6.1566	0.5719
546	-6.2115	0.5112
547	-6.2660	0.4505
548	-6.3203	0.3897
549	-6.3742	0.3290
550	-6.4279	0.2682
551	-6.4812	0.2074
552	-6.5342	0.1465
553	-6.5869	0.0856
554	-6.6392	0.0247
555	-6.6913	-0.0362
556	-6.7430	-0.0971
557	-6.7944	-0.1580
558	-6.8454	-0.2190
559	-6.8962	-0.2799
560	-6.9466	-0.3409
561	-6.9966	-0.4018
562	-7.0463	-0.4628
563	-7.0957	-0.5237
564	-7.1447	-0.5847
565	-7.1934	-0.6456
566	-7.2417	-0.7066
567	-7.2897	-0.7675
568	-7.3373	-0.8284
569	-7.3845	-0.8893
570	-7.4314	-0.9502
571	-7.4780	-1.0110
572	-7.5241	-1.0719
573	-7.5699	-1.1327
574	-7.6154	-1.1935
575	-7.6604	-1.2542
576	-7.7051	-1.3149
577	-7.7494	-1.3756
578	-7.7934	-1.4363
579	-7.8369	-1.4969
580	-7.8801	-1.5575
581	-7.9229	-1.6180
582	-7.9653	-1.6785
583	-8.0073	-1.7389
584	-8.0489	-1.7993
585	-8.0901	-1.8596
586	-8.1310	-1.9199
587	-8.1714	-1.9801
588	-8.2115	-2.0403
589	-8.2511	-2.1004
590	-8.2904	-2.1604
591	-8.3292	-2.2204
592	-8.3676	-2.2803
593	-8.4056	-2.3401
594	-8.4433	-2.3999
595	-8.4805	-2.4596
596	-8.5173	-2.5192
597	-8.5536	-2.5787
598	-8.5896	-2.6381
599	-8.6251	-2.6975
600	-8.6602	-2.7568
601	-8.6949	-2.8159
602	-8.7292	-2.8750
603	-8.7631	-2.9340
604	-8.7965	-2.9929
605	-8.8295	-3.0517
606	-8.8620	-3.1104
607	-8.8941	-3.1690
608	-8.9258	-3.2275
609	-8.9571	-3.2859
610	-8.9879	-3.3441
611	-9.0183	-3.4023
612	-9.0483	-3.4603
613	-9.0778	-3.5182
614	-9.1068	-3.5760
615	-9.1354	-3.6337
616	-9.1636	-3.6913
617	-9.1913	-3.7487
618	-9.2186	-3.8060
619	-9.2454	-3.8632
620	-9.2718	-3.9202
621	-9.2978	-3.9771
622	-9.3232	-4.0338
623	-9.3482	-4.0905
624	-9.3728	-4.1469
625	-9.3969	-4.2033
626	-9.4206	-4.2595
627	-9.4438	-4.3155
628	-9.4665	-4.3714
629	-9.4887	-4.4271
630	-9.5106	-4.4827
631	-9.5319	-4.5381
632	-9.5528	-4.5933
633	-9.5732	-4.6484
634	-9.5931	-4.7033
635	-9.6126	-4.7581
636	-9.6316	-4.8127
637	-9.6502	-4.8671
638	-9.6682	-4.9213
639	-9.6858	-4.9754
640	-9.7029	-5.0293
641	-9.7196	-5.0830
642	-9.7358	-5.1365
643	-9.7515	-5.1898
644	-9.7667	-5.2430
645	-9.7815	-5.2959
646	-9.7957	-5.3487
647	-9.8095	-5.4012
648	-9.8229	-5.4536
649	-9.8357	-5.5058
650	-9.8481	-5.5577
651	-9.8600	-5.6095
652	-9.8714	-5.6611
653	-9.8823	-5.7125
654	-9.8927	-5.7636
655	-9.9027	-5.8145
656	-9.9122	-5.8652
657	-9.9211	-5.9157
658	-9.9297	-5.9660
659	-9.9377	-6.0161
660	-9.9452	-6.0659
661	-9.9523	-6.1155
662	-9.9588	-6.1649
663	-9.9649	-6.2141
664	-9.9705	-6.2630
665	-9.9756	-6.3117
666	-9.9803	-6.3602
667	-9.9844	-6.4084
668	-9.9881	-6.4564
669	-9.9912	-6.5041
670	-9.9939	-6.5516
671	-9.9961	-6.5989
672	-9.9978	-6.6459
673	-9.9990	-6.6926
674	-9.9998	-6.7391
675	-10.0000	-6.7854
676	-9.9998	-6.8314
677	-9.9990	-6.8771
678	-9.9978	-6.9225
679	-9.9961	-6.9678
680	-9.9939	-7.0127
681	-9.9912	-7.0574
682	-9.9881	-7.1018
683	-9.9844	-7.1460
684	-9.9803	-7.1899
685	-9.9756	-7.2334
686	-9.9705	-7.2768
687	-9.9649	-7.3198
688	-9.9588	-7.3626
689	-9.9523	-7.4050
690	-9.9452	-7.4473
691	-9.9377	-7.4892
692	-9.9297	-7.5308
693	-9.9212	-7.5722
694	-9.9122	-7.6132
695	-9.9027	-7.6540
696	-9.8927	-7.6944
697	-9.8823	-7.7346
698	-9.8714	-7.7744
699	-9.8600	-7.8140
700	-9.8481	-7.8533
701	-9.8357	-7.8922
702	-9.8229	-7.9309
703	-9.8096	-7.9693
704	-9.7958	-8.0073
705	-9.7815	-8.0450
706	-9.7667	-8.0824
707	-9.7515	-8.1195
708	-9.7358	-8.1563
709	-9.7196	-8.1928
710	-9.7030	-8.2289
711	-9.6858	-8.2648
712	-9.6682	-8.3003
713	-9.6502	-8.3355
714	-9.6316	-8.3703
715	-9.6126	-8.4049
716	-9.5932	-8.4391
717	-9.5732	-8.4729
718	-9.5528	-8.5064
719	-9.5319	-8.5396
720	-9.5106	-8.5725
721	-9.4888	-8.6050
722	-9.4665	-8.6372
723	-9.4438	-8.6691
724	-9.4206	-8.7006
725	-9.3969	-8.7318
726	-9.3728	-8.7626
727	-9.3483	-8.7930
728	-9.3233	-8.8232
729	-9.2978	-8.8529
730	-9.2719	-8.8823
731	-9.2455	-8.9114
732	-9.2186	-8.9401
733	-9.1914	-8.9685
734	-9.1636	-8.9965
735	-9.1355	-9.0241
736	-9.1069	-9.0514
737	-9.0778	-9.0784
738	-9.0483	-9.1049
739	-9.0183	-9.1311
740	-8.9880	-9.1569
741	-8.9571	-9.1824
742	-8.9259	-9.2075
743	-8.8942	-9.2322
744	-8.8621	-9.2566
745	-8.8295	-9.2805
746	-8.7965	-9.3042
747	-8.7631	-9.3274
748	-8.7292	-9.3503
749	-8.6950	-9.3728
750	-8.6603	-9.3949
751	-8.6252	-9.4166
752	-8.5896	-9.4379
753	-8.5537	-9.4589
754	-8.5173	-9.4795
755	-8.4805	-9.4997
756	-8.4433	-9.5195
757	-8.4057	-9.5389
758	-8.3677	-9.5580
759	-8.3292	-9.5766
760	-8.2904	-9.5949
761	-8.2512	-9.6128
762	-8.2115	-9.6303
763	-8.1715	-9.6474
764	-8.1310	-9.6640
765	-8.0902	-9.6803
766	-8.0490	-9.6962
767	-8.0073	-9.7118
768	-7.9653	-9.7269
769	-7.9229	-9.7416
770	-7.8801	-9.7559
771	-7.8370	-9.7698
772	-7.7934	-9.7834
773	-7.7495	-9.7965
774	-7.7052	-9.8092
775	-7.6605	-9.8215
776	-7.6154	-9.8334
777	-7.5700	-9.8449
778	-7.5242	-9.8560
779	-7.4780	-9.8667
780	-7.4315	-9.8770
781	-7.3846	-9.8868
782	-7.3373	-9.8963
783	-7.2897	-9.9054
784	-7.2418	-9.9140
785	-7.1934	-9.9223
786	-7.1448	-9.9301
787	-7.0957	-9.9375
788	-7.0464	-9.9445
789	-6.9967	-9.9511
790	-6.9466	-9.9573
791	-6.8962	-9.9630
792	-6.8455	-9.9683
793	-6.7944	-9.9733
794	-6.7431	-9.9778
795	-6.6913	-9.9819
796	-6.6393	-9.9856
797	-6.5869	-9.9888
798	-6.5342	-9.9917
799	-6.4812	-9.9941
800	-6.4279	-9.9961
801	-6.3743	-9.9977
802	-6.3203	-9.9989
803	-6.2661	-9.9996
804	-6.2115	-9.9999
805	-6.1567	-9.9998
806	-6.1015	-9.9993
807	-6.0460	-9.9984
808	-5.9903	-9.9970
809	-5.9342	-9.9952
810	-5.8779	-9.9930
811	-5.8213	-9.9904
812	-5.7644	-9.9874
813	-5.7072	-9.9839
814	-5.6497	-9.9801
815	-5.5920	-9.9758
816	-5.5340	-9.9710
817	-5.4757	-9.9658
818	-5.4171	-9.9602
819	-5.3583	-9.9542
820	-5.2992	-9.9478
821	-5.2399	-9.9409
822	-5.1803	-9.9337
823	-5.1205	-9.9259
824	-5.0604	-9.9178
825	-5.0000	-9.9093
826	-4.9395	-9.9003
827	-4.8786	-9.8909
828	-4.8176	-9.8811
829	-4.7563	-9.8709
830	-4.6948	-9.8602
831	-4.6330	-9.8491
832	-4.5710	-9.8376
833	-4.5088	-9.8257
834	-4.4464	-9.8133
835	-4.3838	-9.8005
836	-4.3209	-9.7873
837	-4.2578	-9.7737
838	-4.1946	-9.7597
839	-4.1311	-9.7452
840	-4.0674	-9.7303
841	-4.0035	-9.7150
842	-3.9395	-9.6993
843	-3.8752	-9.6832
844	-3.8108	-9.6666
845	-3.7461	-9.6496
846	-3.6813	-9.6322
847	-3.6163	-9.6144
848	-3.5511	-9.5961
849	-3.4858	-9.5775
850	-3.4202	-9.5584
851	-3.3546	-9.5389
852	-3.2887	-9.5190
853	-3.2227	-9.4987
854	-3.1565	-9.4779
855	-3.0902	-9.4568
856	-3.0237	-9.4352
857	-2.9571	-9.4132
858	-2.8904	-9.3909
859	-2.8235	-9.3681
860	-2.7564	-9.3449
861	-2.6892	-9.3213
862	-2.6219	-9.2972
863	-2.5545	-9.2728
864	-2.4869	-9.2479
865	-2.4193	-9.2227
866	-2.3515	-9.1970
867	-2.2836	-9.1709
868	-2.2155	-9.1444
869	-2.1474	-9.1176
870	-2.0792	-9.0903
871	-2.0108	-9.0626
872	-1.9424	-9.0345
873	-1.8739	-9.0060
874	-1.8052	-8.9772
875	-1.7365	-8.9479
876	-1.6677	-8.9182
877	-1.5989	-8.8881
878	-1.5299	-8.8577
879	-1.4609	-8.8268
880	-1.3918	-8.7956
881	-1.3226	-8.7639
882	-1.2534	-8.7319
883	-1.1841	-8.6994
884	-1.1147	-8.6666
885	-1.0453	-8.6334
886	-0.9759	-8.5998
887	-0.9064	-8.5658
888	-0.8368	-8.5314
889	-0.7672	-8.4967
890	-0.6976	-8.4615
891	-0.6280	-8.4260
892	-0.5583	-8.3901
893	-0.4886	-8.3539
894	-0.4188	-8.3172
895	-0.3490	-8.2802
896	-0.2793	-8.2428
897	-0.2095	-8.2050
898	-0.1397	-8.1669
899	-0.0699	-8.1284
900	-0.0001	-8.0895
901	0.0698	-8.0503
902	0.1396	-8.0107
903	0.2094	-7.9707
904	0.2792	-7.9303
905	0.3489	-7.8896
906	0.4187	-7.8486
907	0.4884	-7.8071
908	0.5582	-7.7654
909	0.6279	-7.7232
910	0.6975	-7.6808
911	0.7671	-7.6379
912	0.8367	-7.5947
913	0.9063	-7.5512
914	0.9758	-7.5073
915	1.0452	-7.4631
916	1.1146	-7.4185
917	1.1840	-7.3736
918	1.2533	-7.3284
919	1.3225	-7.2828
920	1.3917	-7.2369
921	1.4608	-7.1906
922	1.5298	-7.1441
923	1.5988	-7.0971
924	1.6676	-7.0499
925	1.7364	-7.0023
926	1.8051	-6.9544
927	1.8738	-6.9062
928	1.9423	-6.8576
929	2.0107	-6.8087
930	2.0791	-6.7595
931	2.1473	-6.7100
932	2.2154	-6.6602
933	2.2835	-6.6101
934	2.3514	-6.5597
935	2.4192	-6.5089
936	2.4868	-6.4579
937	2.5544	-6.4065
938	2.6218	-6.3549
939	2.6891	-6.3029
940	2.7563	-6.2507
941	2.8234	-6.1981
942	2.8903	-6.1453
943	2.9570	-6.0922
944	3.0236	-6.0388
945	3.0901	-5.9851
946	3.1564	-5.9311
947	3.2226	-5.8768
948	3.2886	-5.8223
949	3.3545	-5.7674
950	3.4201	-5.7123
951	3.4857	-5.6570
952	3.5510	-5.6013
953	3.6162	-5.5454
954	3.6812	-5.4892
955	3.7460	-5.4328
956	3.8107	-5.3761
957	3.8751	-5.3191
958	3.9394	-5.2619
959	4.0034	-5.2044
960	4.0673	-5.1467
961	4.1310	-5.0887
962	4.1945	-5.0305
963	4.2577	-4.9720
964	4.3208	-4.9133
965	4.3837	-4.8544
966	4.4463	-4.7952
967	4.5087	-4.7358
968	4.5709	-4.6762
969	4.6329	-4.6163
970	4.6947	-4.5562
971	4.7562	-4.4959
972	4.8175	-4.4353
973	4.8785	-4.3745
974	4.9394	-4.3136
975	4.9999	-4.2524
976	5.0603	-4.1910
977	5.1204	-4.1294
978	5.1802	-4.0675
979	5.2398	-4.0055
980	5.2991	-3.9433
981	5.3582	-3.8809
982	5.4170	-3.8183
983	5.4756	-3.7555
984	5.5339	-3.6925
985	5.5919	-3.6293
986	5.6496	-3.5659
987	5.7071	-3.5024
988	5.7643	-3.4386
989	5.8212	-3.3748
990	5.8778	-3.3107
991	5.9341	-3.2464
992	5.9902	-3.1820
993	6.0459	-3.1175
994	6.1014	-3.0527
995	6.1566	-2.9878
996	6.2114	-2.9228
997	6.2660	-2.8576
998	6.3202	-2.7923
999	6.3742	-2.7268
1000	6.4278	-2.6611
1001	6.4812	-2.5954
1002	6.5342	-2.5294
1003	6.5868	-2.4634
1004	6.6392	-2.3972
1005	6.6913	-2.3309
1006	6.7430	-2.2645
1007	6.7944	-2.1979
1008	6.8454	-2.1313
1009	6.8962	-2.0645
1010	6.9465	-1.9976
1011	6.9966	-1.9305
1012	7.0463	-1.8634
1013	7.0957	-1.7962
1014	7.1447	-1.7289
1015	7.1934	-1.6614
1016	7.2417	-1.5939
1017	7.2896	-1.5263
1018	7.3373	-1.4586
1019	7.3845	-1.3908
1020	7.4314	-1.3229
1021	7.4779	-1.2550
1022	7.5241	-1.1869
1023	7.5699	-1.1188
1024	7.6153	-1.0507
1025	7.6604	-0.9824
1026	7.7051	-0.9141
1027	7.7494	-0.8458
1028	7.7933	-0.7773
1029	7.8369	-0.7089
1030	7.8801	-0.6404
1031	7.9229	-0.5718
1032	7.9653	-0.5032
1033	8.0073	-0.4345
1034	8.0489	-0.3658
1035	8.0901	-0.2971
1036	8.1310	-0.2283
1037	8.1714	-0.1595
1038	8.2115	-0.0907
1039	8.2511	-0.0219
1040	8.2903	0.0470
1041	8.3292	0.1159
1042	8.3676	0.1848
1043	8.4056	0.2537
1044	8.4432	0.3226
1045	8.4804	0.3915
1046	8.5172	0.4604
1047	8.5536	0.5293
1048	8.5896	0.5982
1049	8.6251	0.6670
1050	8.6602	0.7359
1051	8.6949	0.8048
1052	8.7292	0.8736
1053	8.7630	0.9424
1054	8.7965	1.0112
1055	8.8294	1.0799
1056	8.8620	1.1486
1057	8.8941	1.2173
1058	8.9258	1.2860
1059	8.9571	1.3545
1060	8.9879	1.4231
1061	9.0183	1.4916
1062	9.0482	1.5600
1063	9.0777	1.6284
1064	9.1068	1.6967
1065	9.1354	1.7650
1066	9.1636	1.8332
1067	9.1913	1.9013
1068	9.2186	1.9693
1069	9.2454	2.0373
1070	9.2718	2.1052
1071	9.2977	2.1730
1072	9.3232	2.2407
1073	9.3482	2.3084
1074	9.3728	2.3759
1075	9.3969	2.4433
1076	9.4206	2.5107
1077	9.4437	2.5779
1078	9.4665	2.6450
1079	9.4887	2.7120
1080	9.5105	2.7790
1081	9.5319	2.8457
1082	9.5528	2.9124
1083	9.5732	2.9789
1084	9.5931	3.0453
1085	9.6126	3.1116
1086	9.6316	3.1778
1087	9.6501	3.2438
1088	9.6682	3.3097
1089	9.6858	3.3754
1090	9.7029	3.4410
1091	9.7196	3.5064
1092	9.7358	3.5717
1093	9.7515	3.6368
1094	9.7667	3.7018
1095	9.7815	3.7665
1096	9.7957	3.8312
1097	9.8095	3.8956
1098	9.8229	3.9599
1099	9.8357	4.0240
1100	9.8481	4.0879
1101	9.8599	4.1517
1102	9.8714	4.2152
1103	9.8823	4.2786
1104	9.8927	4.3418
1105	9.9027	4.4048
1106	9.9121	4.4675
1107	9.9211	4.5301
1108	9.9296	4.5925
1109	9.9377	4.6546
1110	9.9452	4.7166
1111	9.9523	4.7783
1112	9.9588	4.8398
1113	9.9649	4.9011
1114	9.9705	4.9622
1115	9.9756	5.0230
1116	9.9803	5.0836
1117	9.9844	5.1440
1118	9.9881	5.2041
1119	9.9912	5.2640
1120	9.9939	5.3237
1121	9.9961	5.3830
1122	9.9978	5.4422
1123	9.9990	5.5011
1124	9.9998	5.5597
1125	10.0000	5.6181
1126	9.9998	5.6762
1127	9.9990	5.7341
1128	9.9978	5.7916
1129	9.9961	5.8489
1130	9.9939	5.9060
1131	9.9912	5.9627
1132	9.9881	6.0192
1133	9.9844	6.0754
1134	9.9803	6.1313
1135	9.9756	6.1869
1136	9.9705	6.2422
1137	9.9649	6.2972
1138	9.9588	6.3519
1139	9.9523	6.4063
1140	9.9452	6.4604
1141	9.9377	6.5142
1142	9.9297	6.5677
1143	9.9212	6.6209
1144	9.9122	6.6737
1145	9.9027	6.7263
1146	9.8927	6.7785
1147	9.8823	6.8303
1148	9.8714	6.8819
1149	9.8600	6.9331
1150	9.8481	6.9840
1151	9.8357	7.0346
1152	9.8229	7.0848
1153	9.8096	7.1347
1154	9.7958	7.1842
1155	9.7815	7.2334
1156	9.7667	7.2822
1157	9.7515	7.3306
1158	9.7358	7.3788
1159	9.7196	7.4265
1160	9.7030	7.4739
1161	9.6858	7.5209
1162	9.6683	7.5676
1163	9.6502	7.6139
1164	9.6316	7.6598
1165	9.6126	7.7053
1166	9.5932	7.7505
1167	9.5732	7.7953
1168	9.5528	7.8397
1169	9.5319	7.8837
1170	9.5106	7.9273
1171	9.4888	7.9705
1172	9.4665	8.0134
1173	9.4438	8.0558
1174	9.4206	8.0978
1175	9.3970	8.1395
1176	9.3728	8.1807
1177	9.3483	8.2215
1178	9.3233	8.2620
1179	9.2978	8.3020
1180	9.2719	8.3416
1181	9.2455	8.3808
1182	9.2187	8.4195
1183	9.1914	8.4579
1184	9.1637	8.4958
1185	9.1355	8.5333
1186	9.1069	8.5704
1187	9.0778	8.6070
1188	9.0483	8.6433
1189	9.0184	8.6790
1190	8.9880	8.7144
1191	8.9572	8.7493
1192	8.9259	8.7838
1193	8.8942	8.8178
1194	8.8621	8.8514
1195	8.8295	8.8845
1196	8.7965	8.9172
1197	8.7631	8.9495
1198	8.7293	8.9812
1199	8.6950	9.0126
1200	8.6603	9.0435
1201	8.6252	9.0739
1202	8.5896	9.1039
1203	8.5537	9.1334
1204	8.5173	9.1624
1205	8.4805	9.1910
1206	8.4433	9.2191
1207	8.4057	9.2467
1208	8.3677	9.2738
1209	8.3293	9.3005
1210	8.2904	9.3267
1211	8.2512	9.3525
1212	8.2115	9.3777
1213	8.1715	9.4025
1214	8.1311	9.4268
1215	8.0902	9.4506
1216	8.0490	9.4739
1217	8.0074	9.4967
1218	7.9653	9.5191
1219	7.9229	9.5409
1220	7.8802	9.5623
1221	7.8370	9.5832
1222	7.7934	9.6036
1223	7.7495	9.6234
1224	7.7052	9.6428
1225	7.6605	9.6617
1226	7.6154	9.6801
1227	7.5700	9.6980
1228	7.5242	9.7154
1229	7.4780	9.7323
1230	7.4315	9.7487
1231	7.3846	9.7646
1232	7.3373	9.7799
1233	7.2897	9.7948
1234	7.2418	9.8091
1235	7.1935	9.8230
1236	7.1448	9.8363
1237	7.0958	9.8491
1238	7.0464	9.8614
1239	6.9967	9.8731
1240	6.9466	9.8844
1241	6.8962	9.8951
1242	6.8455	9.9054
1243	6.7945	9.9151
1244	6.7431	9.9242
1245	6.6914	9.9329
1246	6.6393	9.9410
1247	6.5869	9.9487
1248	6.5343	9.9558
1249	6.4813	9.9623
1250	6.4279	9.9684
1251	6.3743	9.9739
1252	6.3204	9.9789
1253	6.2661	9.9833
1254	6.2115	9.9873
1255	6.1567	9.9907
1256	6.1015	9.9936
1257	6.0461	9.9959
1258	5.9903	9.9977
1259	5.9342	9.9990
1260	5.8779	9.9998
1261	5.8213	10.0000
1262	5.7644	9.9997
1263	5.7072	9.9988
1264	5.6497	9.9974
1265	5.5920	9.9955
1266	5.5340	9.9930
1267	5.4757	9.9900
1268	5.4171	9.9865
1269	5.3583	9.9825
1270	5.2993	9.9779
1271	5.2399	9.9727
1272	5.1803	9.9671
1273	5.1205	9.9609
1274	5.0604	9.9542
1275	5.0001	9.9469
1276	4.9395	9.9391
1277	4.8787	9.9308
1278	4.8176	9.9219
1279	4.7563	9.9125
1280	4.6948	9.9026
1281	4.6330	9.8921
1282	4.5710	9.8810
1283	4.5088	9.8695
1284	4.4464	9.8574
1285	4.3838	9.8447
1286	4.3209	9.8316
1287	4.2579	9.8179
1288	4.1946	9.8036
1289	4.1311	9.7889
1290	4.0674	9.7736
1291	4.0036	9.7578
1292	3.9395	9.7414
1293	3.8752	9.7245
1294	3.8108	9.7071
1295	3.7461	9.6891
1296	3.6813	9.6707
1297	3.6163	9.6517
1298	3.5511	9.6321
1299	3.4858	9.6120
1300	3.4203	9.5914
1301	3.3546	9.5703
1302	3.2887	9.5486
1303	3.2227	9.5264
1304	3.1566	9.5037
1305	3.0902	9.4805
1306	3.0238	9.4567
1307	2.9572	9.4324
1308	2.8904	9.4076
1309	2.8235	9.3823
1310	2.7564	9.3565
1311	2.6893	9.3301
1312	2.6220	9.3032
1313	2.5545	9.2759
1314	2.4870	9.2479
1315	2.4193	9.2195
1316	2.3515	9.1906
1317	2.2836	9.1611
1318	2.2156	9.1312
1319	2.1474	9.1007
1320	2.0792	9.0697
1321	2.0109	9.0382
1322	1.9424	9.0062
1323	1.8739	8.9737
1324	1.8053	8.9407
1325	1.7366	8.9072
1326	1.6678	8.8732
1327	1.5989	8.8387
1328	1.5299	8.8037
1329	1.4609	8.7682
1330	1.3918	8.7322
1331	1.3226	8.6957
1332	1.2534	8.6587
1333	1.1841	8.6213
1334	1.1148	8.5833
1335	1.0454	8.5449
1336	0.9759	8.5059
1337	0.9064	8.4665
1338	0.8369	8.4266
1339	0.7673	8.3863
1340	0.6976	8.3454
1341	0.6280	8.3041
1342	0.5583	8.2623
1343	0.4886	8.2200
1344	0.4188	8.1773
1345	0.3491	8.1341
1346	0.2793	8.0905
1347	0.2095	8.0463
1348	0.1397	8.0017
1349	0.0699	7.9567
1350	0.0001	7.9112
1351	-0.0697	7.8652
1352	-0.1395	7.8188
1353	-0.2093	7.7719
1354	-0.2791	7.7246
1355	-0.3489	7.6768
1356	-0.4187	7.6286
1357	-0.4884	7.5800
1358	-0.5581	7.5309
1359	-0.6278	7.4814
1360	-0.6975	7.4315
1361	-0.7671	7.3811
1362	-0.8367	7.3302
1363	-0.9062	7.2790
1364	-0.9757	7.2273
1365	-1.0452	7.1752
1366	-1.1146	7.1227
1367	-1.1840	7.0698
1368	-1.2532	7.0165
1369	-1.3225	6.9627
1370	-1.3916	6.9086
1371	-1.4607	6.8540
1372	-1.5298	6.7991
1373	-1.5987	6.7437
1374	-1.6676	6.6879
1375	-1.7364	6.6318
1376	-1.8051	6.5752
1377	-1.8737	6.5183
1378	-1.9423	6.4610
1379	-2.0107	6.4033
1380	-2.0790	6.3452
1381	-2.1473	6.2867
1382	-2.2154	6.2279
1383	-2.2834	6.1687
1384	-2.3513	6.1091
1385	-2.4191	6.0492
1386	-2.4868	5.9889
1387	-2.5544	5.9282
1388	-2.6218	5.8672
1389	-2.6891	5.8059
1390	-2.7563	5.7441
1391	-2.8233	5.6821
1392	-2.8902	5.6197
1393	-2.9570	5.5569
1394	-3.0236	5.4939
1395	-3.0901	5.4305
1396	-3.1564	5.3667
1397	-3.2226	5.3027
1398	-3.2886	5.2383
1399	-3.3544	5.1736
1400	-3.4201	5.1086
1401	-3.4856	5.0433
1402	-3.5510	4.9776
1403	-3.6162	4.9117
1404	-3.6812	4.8454
1405	-3.7460	4.7789
1406	-3.8106	4.7121
1407	-3.8751	4.6449
1408	-3.9393	4.5775
1409	-4.0034	4.5099
1410	-4.0673	4.4419
1411	-4.1310	4.3736
1412	-4.1944	4.3051
1413	-4.2577	4.2363
1414	-4.3208	4.1673
1415	-4.3836	4.0979
1416	-4.4463	4.0284
1417	-4.5087	3.9586
1418	-4.5709	3.8885
1419	-4.6329	3.8182
1420	-4.6946	3.7476
1421	-4.7562	3.6768
1422	-4.8175	3.6058
1423	-4.8785	3.5345
1424	-4.9393	3.4630
1425	-4.9999	3.3913
1426	-5.0603	3.3194
1427	-5.1204	3.2473
1428	-5.1802	3.1749
1429	-5.2398	3.1024
1430	-5.2991	3.0296
1431	-5.3582	2.9567
1432	-5.4170	2.8835
1433	-5.4756	2.8102
1434	-5.5338	2.7367
1435	-5.5919	2.6630
1436	-5.6496	2.5891
1437	-5.7071	2.5150
1438	-5.7643	2.4408
1439	-5.8212	2.3664
1440	-5.8778	2.2919
1441	-5.9341	2.2172
1442	-5.9902	2.1423
1443	-6.0459	2.0673
1444	-6.1014	1.9922
1445	-6.1565	1.9169
1446	-6.2114	1.8415
1447	-6.2660	1.7660
1448	-6.3202	1.6903
1449	-6.3742	1.6145
1450	-6.4278	1.5386
1451	-6.4811	1.4626
1452	-6.5341	1.3865
1453	-6.5868	1.3102
1454	-6.6392	1.2339
1455	-6.6912	1.1575
1456	-6.7430	1.0810
1457	-6.7943	1.0044
1458	-6.8454	0.9277
1459	-6.8961	0.8510
1460	-6.9465	0.7741
1461	-6.9966	0.6972
1462	-7.0463	0.6203
1463	-7.0956	0.5432
1464	-7.1447	0.4662
1465	-7.1933	0.3891
1466	-7.2417	0.3119
1467	-7.2896	0.2347
1468	-7.3372	0.1574
1469	-7.3845	0.0802
1470	-7.4314	0.0029
1471	-7.4779	-0.0744
1472	-7.5241	-0.1518
1473	-7.5699	-0.2291
1474	-7.6153	-0.3065
1475	-7.6604	-0.3839
1476	-7.7051	-0.4612
1477	-7.7494	-0.5386
1478	-7.7933	-0.6159
1479	-7.8369	-0.6933
1480	-7.8801	-0.7706
1481	-7.9228	-0.8479
1482	-7.9652	-0.9251
1483	-8.0073	-1.0023
1484	-8.0489	-1.0795
1485	-8.0901	-1.1567
1486	-8.1310	-1.2338
1487	-8.1714	-1.3108
1488	-8.2114	-1.3878
1489	-8.2511	-1.4647
1490	-8.2903	-1.5416
1491	-8.3292	-1.6183
1492	-8.3676	-1.6950
1493	-8.4056	-1.7717
1494	-8.4432	-1.8482
1495	-8.4804	-1.9247
1496	-8.5172	-2.0010
1497	-8.5536	-2.0773
1498	-8.5896	-2.1534
1499	-8.6251	-2.2295
1500	-8.6602	-2.3054
1501	-8.6949	-2.3812
1502	-8.7292	-2.4569
1503	-8.7630	-2.5325
1504	-8.7964	-2.6079
1505	-8.8294	-2.6832
1506	-8.8620	-2.7583
1507	-8.8941	-2.8333
1508	-8.9258	-2.9082
1509	-8.9571	-2.9829
1510	-8.9879	-3.0574
1511	-9.0183	-3.1318
1512	-9.0482	-3.2060
1513	-9.0777	-3.2800
1514	-9.1068	-3.3538
1515	-9.1354	-3.4275
1516	-9.1636	-3.5009
1517	-9.1913	-3.5742
1518	-9.2186	-3.6473
1519	-9.2454	-3.7202
1520	-9.2718	-3.7928
1521	-9.2977	-3.8653
1522	-9.3232	-3.9375
1523	-9.3482	-4.0095
1524	-9.3728	-4.0813
1525	-9.3969	-4.1529
1526	-9.4205	-4.2242
1527	-9.4437	-4.2953
1528	-9.4665	-4.3661
1529	-9.4887	-4.4367
1530	-9.5105	-4.5070
1531	-9.5319	-4.5771
1532	-9.5528	-4.6469
1533	-9.5732	-4.7164
1534	-9.5931	-4.7857
1535	-9.6126	-4.8547
1536	-9.6316	-4.9234
1537	-9.6501	-4.9918
1538	-9.6682	-5.0600
1539	-9.6858	-5.1278
1540	-9.7029	-5.1953
1541	-9.7196	-5.2626
1542	-9.7358	-5.3295
1543	-9.7515	-5.3961
1544	-9.7667	-5.4624
1545	-9.7815	-5.5284
1546	-9.7957	-5.5941
1547	-9.8095	-5.6594
1548	-9.8229	-5.7243
1549	-9.8357	-5.7890
1550	-9.8481	-5.8533
1551	-9.8599	-5.9172
1552	-9.8713	-5.9809
1553	-9.8823	-6.0441
1554	-9.8927	-6.1070
1555	-9.9027	-6.1695
1556	-9.9121	-6.2316
1557	-9.9211	-6.2934
1558	-9.9296	-6.3548
1559	-9.9377	-6.4159
1560	-9.9452	-6.4765
1561	-9.9523	-6.5368
1562	-9.9588	-6.5966
1563	-9.9649	-6.6560
1564	-9.9705	-6.7151
1565	-9.9756	-6.7737
1566	-9.9803	-6.8320
1567	-9.9844	-6.8898
1568	-9.9881	-6.9472
1569	-9.9912	-7.0042
1570	-9.9939	-7.0607
1571	-9.9961	-7.1168
1572	-9.9978	-7.1725
1573	-9.9990	-7.2277
1574	-9.9998	-7.2826
1575	-10.0000	-7.3369
1576	-9.9998	-7.3908
1577	-9.9990	-7.4443
1578	-9.9978	-7.4973
1579	-9.9961	-7.5498
1580	-9.9939	-7.6019
1581	-9.9912	-7.6535
1582	-9.9881	-7.7046
1583	-9.9844	-7.7553
1584	-9.9803	-7.8054
1585	-9.9756	-7.8551
1586	-9.9705	-7.9043
1587	-9.9649	-7.9530
1588	-9.9589	-8.0013
1589	-9.9523	-8.0490
1590	-9.9452	-8.0962
1591	-9.9377	-8.1429
1592	-9.9297	-8.1891
1593	-9.9212	-8.2348
1594	-9.9122	-8.2800
1595	-9.9027	-8.3247
1596	-9.8927	-8.3688
1597	-9.8823	-8.4124
1598	-9.8714	-8.4555
1599	-9.8600	-8.4980
1600	-9.8481	-8.5400
1601	-9.8357	-8.5815
1602	-9.8229	-8.6225
1603	-9.8096	-8.6629
1604	-9.7958	-8.7027
1605	-9.7815	-8.7420
1606	-9.7667	-8.7807
1607	-9.7515	-8.8189
1608	-9.7358	-8.8566
1609	-9.7196	-8.8937
1610	-9.7030	-8.9302
1611	-9.6859	-8.9661
1612	-9.6683	-9.0014
1613	-9.6502	-9.0362
1614	-9.6317	-9.0705
1615	-9.6126	-9.1041
1616	-9.5932	-9.1372
1617	-9.5732	-9.1696
1618	-9.5528	-9.2015
1619	-9.5319	-9.2328
1620	-9.5106	-9.2635
1621	-9.4888	-9.2936
1622	-9.4665	-9.3232
1623	-9.4438	-9.3520
1624	-9.4206	-9.3803
1625	-9.3970	-9.4080
1626	-9.3729	-9.4351
1627	-9.3483	-9.4616
1628	-9.3233	-9.4875
1629	-9.2978	-9.5128
1630	-9.2719	-9.5374
1631	-9.2455	-9.5614
1632	-9.2187	-9.5848
1633	-9.1914	-9.6076
1634	-9.1637	-9.6298
1635	-9.1355	-9.6514
1636	-9.1069	-9.6722
1637	-9.0778	-9.6925
1638	-9.0483	-9.7121
1639	-9.0184	-9.7312
1640	-8.9880	-9.7496
1641	-8.9572	-9.7673
1642	-8.9259	-9.7844
1643	-8.8942	-9.8008
1644	-8.8621	-9.8166
1645	-8.8295	-9.8318
1646	-8.7965	-9.8464
1647	-8.7631	-9.8603
1648	-8.7293	-9.8735
1649	-8.6950	-9.8860
1650	-8.6603	-9.8980
1651	-8.6252	-9.9092
1652	-8.5896	-9.9199
1653	-8.5537	-9.9299
1654	-8.5173	-9.9391
1655	-8.4805	-9.9478
1656	-8.4433	-9.9558
1657	-8.4057	-9.9631
1658	-8.3677	-9.9698
1659	-8.3293	-9.9758
1660	-8.2904	-9.9811
1661	-8.2512	-9.9858
1662	-8.2115	-9.9898
1663	-8.1715	-9.9932
1664	-8.1311	-9.9959
1665	-8.0902	-9.9979
1666	-8.0490	-9.9992
1667	-8.0074	-9.9999
1668	-7.9654	-9.9999
1669	-7.9230	-9.9992
1670	-7.8802	-9.9979
1671	-7.8370	-9.9959
1672	-7.7934	-9.9932
1673	-7.7495	-9.9898
1674	-7.7052	-9.9858
1675	-7.6605	-9.9811
1676	-7.6155	-9.9758
1677	-7.5700	-9.9697
1678	-7.5242	-9.9630
1679	-7.4781	-9.9556
1680	-7.4315	-9.9475
1681	-7.3846	-9.9388
1682	-7.3374	-9.9294
1683	-7.2898	-9.9193
1684	-7.2418	-9.9085
1685	-7.1935	-9.8970
1686	-7.1448	-9.8849
1687	-7.0958	-9.8722
1688	-7.0464	-9.8587
1689	-6.9967	-9.8446
1690	-6.9467	-9.8298
1691	-6.8963	-9.8143
1692	-6.8455	-9.7982
1693	-6.7945	-9.7814
1694	-6.7431	-9.7638
1695	-6.6914	-9.7457
1696	-6.6393	-9.7268
1697	-6.5870	-9.7074
1698	-6.5343	-9.6872
1699	-6.4813	-9.6664
1700	-6.4280	-9.6448
1701	-6.3743	-9.6227
1702	-6.3204	-9.5999
1703	-6.2661	-9.5764
1704	-6.2116	-9.5522
1705	-6.1567	-9.5274
1706	-6.1015	-9.5019
1707	-6.0461	-9.4758
1708	-5.9903	-9.4490
1709	-5.9343	-9.4216
1710	-5.8779	-9.3934
1711	-5.8213	-9.3647
1712	-5.7644	-9.3352
1713	-5.7072	-9.3052
1714	-5.6498	-9.2745
1715	-5.5920	-9.2431
1716	-5.5340	-9.2111
1717	-5.4757	-9.1784
1718	-5.4172	-9.1451
1719	-5.3584	-9.1112
1720	-5.2993	-9.0766
1721	-5.2399	-9.0414
1722	-5.1804	-9.0055
1723	-5.1205	-8.9690
1724	-5.0604	-8.9319
1725	-5.0001	-8.8942
1726	-4.9395	-8.8558
1727	-4.8787	-8.8168
1728	-4.8176	-8.7771
1729	-4.7563	-8.7369
1730	-4.6948	-8.6960
1731	-4.6331	-8.6545
1732	-4.5711	-8.6124
1733	-4.5089	-8.5697
1734	-4.4464	-8.5264
1735	-4.3838	-8.4825
1736	-4.3210	-8.4379
1737	-4.2579	-8.3927
1738	-4.1946	-8.3470
1739	-4.1311	-8.3006
1740	-4.0675	-8.2537
1741	-4.0036	-8.2062
1742	-3.9395	-8.1581
1743	-3.8753	-8.1093
1744	-3.8108	-8.0601
1745	-3.7462	-8.0102
1746	-3.6813	-7.9598
1747	-3.6163	-7.9087
1748	-3.5512	-7.8571
1749	-3.4858	-7.8050
1750	-3.4203	-7.7523
1751	-3.3546	-7.6990
1752	-3.2888	-7.6451
1753	-3.2228	-7.5907
1754	-3.1566	-7.5357
1755	-3.0903	-7.4803
1756	-3.0238	-7.4242
1757	-2.9572	-7.3676
1758	-2.8904	-7.3105
1759	-2.8235	-7.2528
1760	-2.7565	-7.1946
1761	-2.6893	-7.1359
1762	-2.6220	-7.0766
1763	-2.5546	-7.0169
1764	-2.4870	-6.9566
1765	-2.4193	-6.8958
1766	-2.3515	-6.8345
1767	-2.2836	-6.7727
1768	-2.2156	-6.7104
1769	-2.1475	-6.6476
1770	-2.0792	-6.5843
1771	-2.0109	-6.5205
1772	-1.9424	-6.4562
1773	-1.8739	-6.3914
1774	-1.8053	-6.3262
1775	-1.7366	-6.2605
1776	-1.6678	-6.1943
1777	-1.5989	-6.1277
1778	-1.5300	-6.0606
1779	-1.4609	-5.9931
1780	-1.3918	-5.9251
1781	-1.3227	-5.8566
1782	-1.2534	-5.7877
1783	-1.1841	-5.7184
1784	-1.1148	-5.6487
1785	-1.0454	-5.5785
1786	-0.9759	-5.5079
1787	-0.9064	-5.4369
1788	-0.8369	-5.3654
1789	-0.7673	-5.2936
1790	-0.6977	-5.2213
1791	-0.6280	-5.1487
1792	-0.5583	-5.0756
1793	-0.4886	-5.0022
1794	-0.4189	-4.9284
1795	-0.3491	-4.8542
1796	-0.2793	-4.7796
1797	-0.2095	-4.7047
1798	-0.1397	-4.6294
1799	-0.0699	-4.5537
1800	-0.0001	-4.4777
1801	0.0697	-4.4013
1802	0.1395	-4.3247
1803	0.2093	-4.2476
1804	0.2791	-4.1702
1805	0.3489	-4.0925
1806	0.4186	-4.0145
1807	0.4884	-3.9362
1808	0.5581	-3.8575
1809	0.6278	-3.7785
1810	0.6975	-3.6993
1811	0.7671	-3.6197
1812	0.8367	-3.5399
1813	0.9062	-3.4597
1814	0.9757	-3.3793
1815	1.0452	-3.2987
1816	1.1146	-3.2177
1817	1.1839	-3.1365
1818	1.2532	-3.0550
1819	1.3225	-2.9733
1820	1.3916	-2.8914
1821	1.4607	-2.8092
1822	1.5298	-2.7267
1823	1.5987	-2.6441
1824	1.6676	-2.5612
1825	1.7364	-2.4781
1826	1.8051	-2.3948
1827	1.8737	-2.3113
1828	1.9422	-2.2277
1829	2.0107	-2.1438
1830	2.0790	-2.0597
1831	2.1472	-1.9754
1832	2.2154	-1.8910
1833	2.2834	-1.8064
1834	2.3513	-1.7217
1835	2.4191	-1.6368
1836	2.4868	-1.5517
1837	2.5543	-1.4666
1838	2.6218	-1.3812
1839	2.6891	-1.2958
1840	2.7563	-1.2102
1841	2.8233	-1.1245
1842	2.8902	-1.0387
1843	2.9570	-0.9528
1844	3.0236	-0.8668
1845	3.0901	-0.7807
1846	3.1564	-0.6945
1847	3.2226	-0.6082
1848	3.2886	-0.5219
1849	3.3544	-0.4355
1850	3.4201	-0.3490
1851	3.4856	-0.2625
1852	3.5510	-0.1760
1853	3.6161	-0.0894
1854	3.6811	-0.0027
1855	3.7460	0.0839
1856	3.8106	0.1706
1857	3.8751	0.2573
1858	3.9393	0.3440
1859	4.0034	0.4307
1860	4.0673	0.5174
1861	4.1309	0.6041
1862	4.1944	0.6908
1863	4.2577	0.7774
1864	4.3208	0.8640
1865	4.3836	0.9506
1866	4.4463	1.0371
1867	4.5087	1.1236
1868	4.5709	1.2100
1869	4.6329	1.2964
1870	4.6946	1.3827
1871	4.7561	1.4689
1872	4.8174	1.5550
1873	4.8785	1.6410
1874	4.9393	1.7270
1875	4.9999	1.8128
1876	5.0602	1.8985
1877	5.1203	1.9841
1878	5.1802	2.0696
1879	5.2398	2.1549
1880	5.2991	2.2401
1881	5.3582	2.3252
1882	5.4170	2.4101
1883	5.4755	2.4949
1884	5.5338	2.5795
1885	5.5918	2.6639
1886	5.6496	2.7481
1887	5.7070	2.8322
1888	5.7642	2.9161
1889	5.8211	2.9997
1890	5.8778	3.0832
1891	5.9341	3.1665
1892	5.9901	3.2495
1893	6.0459	3.3323
1894	6.1014	3.4149
1895	6.1565	3.4972
1896	6.2114	3.5793
1897	6.2659	3.6612
1898	6.3202	3.7428
1899	6.3741	3.8241
1900	6.4278	3.9052
1901	6.4811	3.9860
1902	6.5341	4.0665
1903	6.5868	4.1467
1904	6.6392	4.2266
1905	6.6912	4.3063
1906	6.7429	4.3856
1907	6.7943	4.4646
1908	6.8454	4.5432
1909	6.8961	4.6216
1910	6.9465	4.6996
1911	6.9965	4.7773
1912	7.0463	4.8546
1913	7.0956	4.9316
1914	7.1446	5.0082
1915	7.1933	5.0844
1916	7.2416	5.1603
1917	7.2896	5.2358
1918	7.3372	5.3109
1919	7.3845	5.3856
1920	7.4314	5.4599
1921	7.4779	5.5339
1922	7.5241	5.6074
1923	7.5699	5.6804
1924	7.6153	5.7531
1925	7.6604	5.8254
1926	7.7051	5.8971
1927	7.7494	5.9685
1928	7.7933	6.0394
1929	7.8369	6.1099
1930	7.8800	6.1799
1931	7.9228	6.2494
1932	7.9652	6.3185
1933	8.0072	6.3871
1934	8.0489	6.4552
1935	8.0901	6.5228
1936	8.1309	6.5900
1937	8.1714	6.6566
1938	8.2114	6.7227
1939	8.2511	6.7884
1940	8.2903	6.8534
1941	8.3291	6.9180
1942	8.3676	6.9821
1943	8.4056	7.0456
1944	8.4432	7.1085
1945	8.4804	7.1710
1946	8.5172	7.2329
1947	8.5536	7.2942
1948	8.5895	7.3549
1949	8.6251	7.4151
1950	8.6602	7.4748
1951	8.6949	7.5338
1952	8.7292	7.5922
1953	8.7630	7.6501
1954	8.7964	7.7074
1955	8.8294	7.7641
1956	8.8620	7.8202
1957	8.8941	7.8757
1958	8.9258	7.9305
1959	8.9571	7.9847
1960	8.9879	8.0383
1961	9.0183	8.0914
1962	9.0482	8.1437
1963	9.0777	8.1954
1964	9.1068	8.2465
1965	9.1354	8.2969
1966	9.1636	8.3467
1967	9.1913	8.3958
1968	9.2186	8.4443
1969	9.2454	8.4920
1970	9.2718	8.5391
1971	9.2977	8.5856
1972	9.3232	8.6314
1973	9.3482	8.6764
1974	9.3728	8.7208
1975	9.3969	8.7646
1976	9.4205	8.8075
1977	9.4437	8.8498
1978	9.4665	8.8915
1979	9.4887	8.9323
1980	9.5105	8.9725
1981	9.5319	9.0120
1982	9.5527	9.0507
1983	9.5732	9.0887
1984	9.5931	9.1260
1985	9.6126	9.1626
1986	9.6316	9.1984
1987	9.6501	9.2334
1988	9.6682	9.2678
1989	9.6858	9.3014
1990	9.7029	9.3342
1991	9.7196	9.3663
1992	9.7358	9.3977
1993	9.7515	9.4282
1994	9.7667	9.4580
1995	9.7815	9.4870
1996	9.7957	9.5153
1997	9.8095	9.5428
1998	9.8228	9.5695
1999	9.8357	9.5955
2000	9.8481	9.6206
2001	9.8599	9.6450
2002	9.8713	9.6686
2003	9.8823	9.6913
2004	9.8927	9.7133
2005	9.9027	9.7346
2006	9.9121	9.7550
2007	9.9211	9.7745
2008	9.9296	9.7934
2009	9.9377	9.8114
2010	9.9452	9.8285
2011	9.9523	9.8449
2012	9.9588	9.8605
2013	9.9649	9.8753
2014	9.9705	9.8892
2015	9.9756	9.9024
2016	9.9803	9.9146
2017	9.9844	9.9261
2018	9.9881	9.9368
2019	9.9912	9.9466
2020	9.9939	9.9556
2021	9.9961	9.9638
2022	9.9978	9.9712
2023	9.9990	9.9777
2024	9.9998	9.9834
2025	10.0000	9.9882
2026	9.9998	9.9922
2027	9.9990	9.9954
2028	9.9978	9.9978
2029	9.9961	9.9992
2030	9.9939	9.9999
2031	9.9912	9.9998
2032	9.9881	9.9987
2033	9.9844	9.9969
2034	9.9803	9.9942
2035	9.9756	9.9906
2036	9.9705	9.9862
2037	9.9649	9.9810
2038	9.9589	9.9750
2039	9.9523	9.9680
2040	9.9452	9.9603
2041	9.9377	9.9517
2042	9.9297	9.9422
2043	9.9212	9.9319
2044	9.9122	9.9208
2045	9.9027	9.9088
2046	9.8927	9.8959
2047	9.8823	9.8823
